# Created by Octave 3.8.1, Sat Apr 30 21:43:28 2016 IST <jayraj@jayrajdesktop>
# name: datalog
# type: matrix
# rows: 414
# columns: 10
 -7 -15 0 0 563 NaN 0 NaN NaN -1.00088742760194
 -7 -14 0 0 563 NaN 0 NaN NaN -1.001585641290488
 -7 -13 0 0 563 NaN 0 NaN NaN -1.002962193307682
 -7 -12 0 0 563 NaN 0 NaN NaN -1.005668664783897
 -7 -11 0 0 563 NaN 0 NaN NaN -1.010775392532716
 -7 -10 0 0 563 NaN 0 NaN NaN -1.02051461051187
 -7 -9 0 0 563 NaN 0 NaN NaN -1.036419030597277
 -7 -8 0 0 563 NaN 0 NaN NaN -1.058450618955229
 -7 -7 0 0 563 NaN 0 NaN NaN -1.077306925773112
 -7 -6 0 0 563 NaN 0 NaN NaN -1.077526869147752
 -7 -5 0 0 563 NaN 0 NaN NaN -1.055036392545467
 -7 -4 0 0 563 NaN 0 NaN NaN -1.033222346942838
 -7 -3 0 0 563 NaN 0 NaN NaN -1.014161202967871
 -7 -2 0 0 563 NaN 0 NaN NaN -1.003179851191487
 -7 -1 0 0 563 NaN 0 NaN NaN -0.9997944284984346
 -7 0 0 0 563 NaN 0 NaN NaN -0.9992591105974377
 -7 1 0 0 563 NaN 0 NaN NaN -0.9992905511559884
 -7 2 0 0 563 NaN 0 NaN NaN -0.9990603062033955
 -6 -15 0 0 563 NaN 0 NaN NaN -1.001589248827886
 -6 -14 0 0 563 NaN 0 NaN NaN -1.002970255852136
 -6 -13 0 0 563 NaN 0 NaN NaN -1.005762367761772
 -6 -12 0 0 563 NaN 0 NaN NaN -1.011115423921078
 -6 -11 0 0 563 NaN 0 NaN NaN -1.021511489294633
 -6 -10 0 0 563 NaN 0 NaN NaN -1.040706214134545
 -6 -9 0 0 563 NaN 0 NaN NaN -1.072967027566038
 -6 -8 0 0 563 NaN 0 NaN NaN -1.116961105348611
 -6 -7 0 0 563 NaN 0 NaN NaN -1.154518615337279
 -6 -6 101 0 462 1 0.1799140328697851 0.3044650093179523 0.1087684819054408 -1.166833742168931
 -6 -5 144 1 419 0.9933333333333334 0.2555594682603532 0.405752529973446 0.2133389971241687 -1.127916209487544
 -6 -4 83 0 480 1 0.1465488871010995 0.2552397696176131 0.1362641027457936 -1.075656005956038
 -6 -3 0 0 563 NaN 0 NaN NaN -1.028354031163139
 -6 -2 0 0 563 NaN 0 NaN NaN -1.006400669208707
 -6 -1 0 0 563 NaN 0 NaN NaN -0.9997349836369445
 -6 0 0 0 563 NaN 0 NaN NaN -0.9988793068181003
 -6 1 0 0 563 NaN 0 NaN NaN -0.9988185362230186
 -6 2 0 0 563 NaN 0 NaN NaN -0.9989748878315161
 -5 -15 0 0 563 NaN 0 NaN NaN -1.002967980119056
 -5 -14 0 0 563 NaN 0 NaN NaN -1.00576580044739
 -5 -13 0 0 563 NaN 0 NaN NaN -1.011244801418269
 -5 -12 0 0 563 NaN 0 NaN NaN -1.022098398247662
 -5 -11 0 0 563 NaN 0 NaN NaN -1.042995602017296
 -5 -10 0 0 563 NaN 0 NaN NaN -1.081328715101634
 -5 -9 0 0 563 NaN 0 NaN NaN -1.145780245866455
 -5 -8 16 0 547 NaN 0.02940734781442746 NaN NaN -1.235687783959958
 -5 -7 214 8 349 0.963301381158524 0.3797527334022909 0.5440909756080619 0.3557424451472572 -1.343541825244671
 -5 -6 282 12 281 0.95789400921659 0.5012306324943493 0.6563647684561172 0.5556780385399811 -1.335476206331371
 -5 -5 299 13 264 0.9579718505773004 0.5331873271271501 0.6839263470950959 0.5867328190244597 -1.252914977919645
 -5 -4 263 4 300 0.9855703470244783 0.4674713251350419 0.6334400375748713 0.5323064302469204 -1.172189070852582
 -5 -3 124 0 439 1 0.2203382599701184 0.3609225510844101 0.3459887815138269 -1.072887688360495
 -5 -2 0 0 563 NaN 0 NaN NaN -1.012835036592651
 -5 -1 0 0 563 NaN 0 NaN NaN -0.9995262468757184
 -5 0 0 0 563 NaN 0 NaN NaN -0.9979117540735138
 -5 1 0 0 563 NaN 0 NaN NaN -0.9978894101466788
 -5 2 0 0 563 NaN 0 NaN NaN -0.9979882608094208
 -4 -15 0 0 563 NaN 0 NaN NaN -1.005793103226244
 -4 -14 0 0 563 NaN 0 NaN NaN -1.011375590434206
 -4 -13 0 0 563 NaN 0 NaN NaN -1.022497456272642
 -4 -12 0 0 563 NaN 0 NaN NaN -1.044203222967294
 -4 -11 0 0 563 NaN 0 NaN NaN -1.085949487593777
 -4 -10 0 0 563 NaN 0 NaN NaN -1.162841631242526
 -4 -9 41 0 522 1 0.0739274719380914 0.1365178831225416 0.08209260598609314 -1.296624294547345
 -4 -8 256 11 307 0.957942603693213 0.455030425621576 0.6162170585038012 0.4683528776507783 -1.50086053701436
 -4 -7 316 13 247 0.9596749859907756 0.5622994445082941 0.7078932288964989 0.624943037540216 -1.526029708551697
 -4 -6 355 14 208 0.9616603032297837 0.6319942382101674 0.7622424916573971 0.7104890753839909 -1.467111678345921
 -4 -5 398 16 165 0.9613970935948581 0.7085987664253151 0.815562692342526 0.7030531353427009 -1.370824723770194
 -4 -4 409 9 154 0.9788051211119739 0.7277377159713442 0.8339431583559586 0.6489809914515174 -1.293471880086923
 -4 -3 291 3 272 0.989687340134212 0.5168996667049763 0.6788353787386101 0.5593695354560698 -1.154610445434535
 -4 -2 89 0 474 1 0.1577395701643489 0.2721089809572826 0.3964049088196015 -1.037398891182194
 -4 -1 0 0 563 NaN 0 NaN NaN -0.9990899983778455
 -4 0 0 0 563 NaN 0 NaN NaN -0.9958480155475355
 -4 1 0 0 563 NaN 0 NaN NaN -0.9958730057535178
 -4 2 0 0 563 NaN 0 NaN NaN -0.9959988279761405
 -3 -15 0 0 563 NaN 0 NaN NaN -1.011408041681432
 -3 -14 0 0 563 NaN 0 NaN NaN -1.022599844408375
 -3 -13 0 0 563 NaN 0 NaN NaN -1.044738008877963
 -3 -12 0 0 563 NaN 0 NaN NaN -1.088156051018645
 -3 -11 0 0 563 NaN 0 NaN NaN -1.171810119992626
 -3 -10 52 0 511 1 0.093311236256369 0.1699271008058878 0.1146194066254355 -1.332367079733499
 -3 -9 269 12 294 0.9560988297719797 0.4783070451672222 0.6366860125376516 0.5069297823200281 -1.592740069720307
 -3 -8 331 14 232 0.95862601166949 0.5890808259587021 0.7285170984261342 0.6573472704436575 -1.677312482401906
 -3 -7 370 18 193 0.9530616379519927 0.6585059188599012 0.7781473765454487 0.7660533576140478 -1.672657605112426
 -3 -6 416 18 147 0.9585550375847088 0.7404333907979925 0.8352657848986482 0.8183429571871159 -1.601770858967292
 -3 -5 451 18 112 0.9618073986166552 0.8014149791211738 0.8742598418866905 0.8301058986694858 -1.502767981758
 -3 -4 485 11 78 0.9777486874990811 0.8614861740029882 0.9158772055944933 0.8030267440054176 -1.425084136382464
 -3 -3 460 8 103 0.9831617713479671 0.8185796881584493 0.8929127167251517 0.6840925033042162 -1.265172215852229
 -3 -2 246 2 317 0.9922619047619048 0.4369085545722714 0.6057576192592943 0.5245872815255005 -1.089842044223325
 -3 -1 44 0 519 1 0.07773006934068881 0.1435136951304796 0.3599191927318696 -1.003745545857195
 -3 0 0 0 563 NaN 0 NaN NaN -0.9917154150233092
 -3 1 0 0 563 NaN 0 NaN NaN -0.9917621125017947
 -3 2 0 0 563 NaN 0 NaN NaN -0.9920274921156027
 -2 -15 0 0 563 NaN 0 NaN NaN -1.02275447006084
 -2 -14 0 0 563 NaN 0 NaN NaN -1.045080054171954
 -2 -13 0 0 563 NaN 0 NaN NaN -1.089310478875586
 -2 -12 0 0 563 NaN 0 NaN NaN -1.176389432269887
 -2 -11 60 0 503 1 0.1073237865379458 0.1935196633646007 0.1258056753460791 -1.35172120041833
 -2 -10 276 16 287 0.9435598183803566 0.4912074780676551 0.6448871438090402 0.5120820413918146 -1.640842716093213
 -2 -9 341 25 222 0.9304564547635833 0.6067329885453779 0.7334223519888956 0.6586910639500502 -1.775830041571312
 -2 -8 375 19 188 0.9512361043808053 0.6669773436003525 0.783419732011965 0.8040491759731896 -1.847261056183526
 -2 -7 411 19 152 0.9556894603429031 0.7313009232655251 0.8283368658753461 0.8997818480514057 -1.854370704750913
 -2 -6 445 18 118 0.9613474617828285 0.7908556717618664 0.8677526398335129 0.9630349792289821 -1.74345889123085
 -2 -5 496 14 67 0.9728089719408961 0.8812612803126078 0.924696749012455 0.9305595529065668 -1.683380730251492
 -2 -4 527 11 36 0.9795670391888187 0.9365839941769145 0.9574772183853094 0.9121625320555193 -1.560064222809729
 -2 -3 530 12 33 0.9783439608749049 0.9424749032678237 0.9598015537266222 0.8352880659834415 -1.375740175005718
 -2 -2 435 5 128 0.9885928366383775 0.7742777458529672 0.8679762579716831 0.6514714209058921 -1.171592078756808
 -2 -1 148 1 415 0.9935483870967742 0.2622124966478949 0.4143157780441928 0.4675649512537318 -1.020288106741243
 -2 0 17 0 546 1 0.02984653105007087 0.05786063523068789 0.1643392046937995 -0.9852479225244458
 -2 1 0 0 563 NaN 0 NaN NaN -0.9835379152741043
 -2 2 0 0 563 NaN 0 NaN NaN -0.9840463576418467
 -1 -15 0 0 563 NaN 0 NaN NaN -1.045282709641686
 -1 -14 0 0 563 NaN 0 NaN NaN -1.090149519958137
 -1 -13 0 0 563 NaN 0 NaN NaN -1.178754111894704
 -1 -12 65 0 498 1 0.1162380722522315 0.207526762997041 0.1282691859860899 -1.361676337152492
