# Created by Octave 3.8.1, Sat Apr 30 19:04:50 2016 IST <jayraj@jayrajdesktop>
# name: datalog
# type: matrix
# rows: 414
# columns: 10
 -7 -15 0 0 218 NaN 0 NaN NaN -1.000985944103312
 -7 -14 0 0 218 NaN 0 NaN NaN -1.001990145155867
 -7 -13 0 0 218 NaN 0 NaN NaN -1.00381047896118
 -7 -12 0 0 218 NaN 0 NaN NaN -1.007451565086654
 -7 -11 0 0 218 NaN 0 NaN NaN -1.014305275123141
 -7 -10 0 0 218 NaN 0 NaN NaN -1.027031813940017
 -7 -9 0 0 218 NaN 0 NaN NaN -1.047944928043945
 -7 -8 0 0 218 NaN 0 NaN NaN -1.075308932396516
 -7 -7 0 0 218 NaN 0 NaN NaN -1.092535949924166
 -7 -6 0 0 218 NaN 0 NaN NaN -1.089069517076895
 -7 -5 0 0 218 NaN 0 NaN NaN -1.055656384598797
 -7 -4 0 0 218 NaN 0 NaN NaN -1.021586037917019
 -7 -3 0 0 218 NaN 0 NaN NaN -1.007361240719425
 -7 -2 0 0 218 NaN 0 NaN NaN -1.001513934759656
 -7 -1 0 0 218 NaN 0 NaN NaN -0.9998713762167861
 -7 0 0 0 218 NaN 0 NaN NaN -0.9995776753433929
 -7 1 0 0 218 NaN 0 NaN NaN -0.999213361189488
 -7 2 0 0 218 NaN 0 NaN NaN -0.9991029017455902
 -6 -15 0 0 218 NaN 0 NaN NaN -1.001996957613116
 -6 -14 0 0 218 NaN 0 NaN NaN -1.003860370650139
 -6 -13 0 0 218 NaN 0 NaN NaN -1.007558833171209
 -6 -12 0 0 218 NaN 0 NaN NaN -1.014808655067849
 -6 -11 0 0 218 NaN 0 NaN NaN -1.028695943118442
 -6 -10 0 0 218 NaN 0 NaN NaN -1.054108995757729
 -6 -9 0 0 218 NaN 0 NaN NaN -1.095957506274655
 -6 -8 0 0 218 NaN 0 NaN NaN -1.150552883338811
 -6 -7 29 0 189 1 0.1413631758312609 0.2385932907672038 0.05295407951911464 -1.190011284521743
 -6 -6 134 0 84 1 0.6196293635442571 0.7640999156400321 0.2604311069660524 -1.204340539262358
 -6 -5 122 0 96 1 0.5657724970065395 0.7209260629194498 0.2817712878961111 -1.134590931991685
 -6 -4 22 0 196 1 0.107341622916091 0.1886649616368286 0.06373344778821739 -1.046426549473093
 -6 -3 0 0 218 NaN 0 NaN NaN -1.014685796236374
 -6 -2 0 0 218 NaN 0 NaN NaN -1.00314027250002
 -6 -1 0 0 218 NaN 0 NaN NaN -1.000024587225508
 -6 0 0 0 218 NaN 0 NaN NaN -0.9993352897070673
 -6 1 0 0 218 NaN 0 NaN NaN -0.9994184228781556
 -6 2 0 0 218 NaN 0 NaN NaN -0.999169706979065
 -5 -15 0 0 218 NaN 0 NaN NaN -1.003874377917613
 -5 -14 0 0 218 NaN 0 NaN NaN -1.007616222310383
 -5 -13 0 0 218 NaN 0 NaN NaN -1.015001128526774
 -5 -12 0 0 218 NaN 0 NaN NaN -1.029597051612907
 -5 -11 0 0 218 NaN 0 NaN NaN -1.05734012606765
 -5 -10 0 0 218 NaN 0 NaN NaN -1.108159968533835
 -5 -9 0 0 218 NaN 0 NaN NaN -1.192013717391884
 -5 -8 91 0 127 1 0.4242967670627245 0.5923210813110924 0.1433147163329641 -1.318914102019341
 -5 -7 172 0 46 1 0.7878494980197107 0.8809300958624762 0.5832725871475132 -1.401967609412115
 -5 -6 181 0 37 1 0.8295678364189003 0.9067243408328679 0.7155060076215989 -1.343406252680988
 -5 -5 183 0 35 1 0.8395374412821222 0.9127092601948924 0.7027418044009519 -1.236611371357245
 -5 -4 145 0 73 1 0.6716463111356729 0.8014671932694373 0.5687931445359453 -1.116943801815471
 -5 -3 36 0 182 1 0.1678132080685272 0.2854497354497355 0.1519767595673224 -1.035196011562479
 -5 -2 0 0 218 NaN 0 NaN NaN -1.006338960802714
 -5 -1 0 0 218 NaN 0 NaN NaN -1.000159760461043
 -5 0 0 0 218 NaN 0 NaN NaN -0.9989912526606286
 -5 1 0 0 218 NaN 0 NaN NaN -0.9989398438330432
 -5 2 0 0 218 NaN 0 NaN NaN -0.9990009482529449
 -4 -15 0 0 218 NaN 0 NaN NaN -1.007643574502304
 -4 -14 0 0 218 NaN 0 NaN NaN -1.015067664982192
 -4 -13 0 0 218 NaN 0 NaN NaN -1.030021638768342
 -4 -12 0 0 218 NaN 0 NaN NaN -1.0591475014631
 -4 -11 0 0 218 NaN 0 NaN NaN -1.114740168370183
 -4 -10 0 0 218 NaN 0 NaN NaN -1.216190189112297
 -4 -9 124 0 94 1 0.5768938012342267 0.7282285327924274 0.1961393758010617 -1.41050446085361
 -4 -8 176 0 42 1 0.8065810076448374 0.8926960335562486 0.6600946793413411 -1.579222672221372
 -4 -7 187 0 31 1 0.855346965091646 0.9216359156906968 0.8109810702359244 -1.546260539369928
 -4 -6 193 0 25 1 0.8828792484111633 0.9374461754054757 0.8749542436518732 -1.454986058783649
 -4 -5 201 0 17 1 0.921840103159252 0.9591917946410909 0.8679413220839567 -1.327467933282799
 -4 -4 198 0 20 1 0.9086064290319609 0.9521057619172308 0.7496193224769673 -1.190405226981928
 -4 -3 123 0 95 1 0.5732830431979368 0.7239642123221518 0.5319798589528901 -1.083618720596393
 -4 -2 15 0 203 1 0.07150630929354333 0.1321675941153264 0.1739300099906873 -1.015160732043687
 -4 -1 0 0 218 NaN 0 NaN NaN -1.00038094427724
 -4 0 0 0 218 NaN 0 NaN NaN -0.9981416674082453
 -4 1 0 0 218 NaN 0 NaN NaN -0.9980152680627942
 -4 2 0 0 218 NaN 0 NaN NaN -0.9981016849698598
 -3 -15 0 0 218 NaN 0 NaN NaN -1.015124023961724
 -3 -14 0 0 218 NaN 0 NaN NaN -1.030248607181384
 -3 -13 0 0 218 NaN 0 NaN NaN -1.060001380466304
 -3 -12 0 0 218 NaN 0 NaN NaN -1.118085158051285
 -3 -11 0 0 218 NaN 0 NaN NaN -1.229366816676503
 -3 -10 134 0 84 1 0.6219887630100396 0.7639370896320049 0.2339975843615769 -1.462907729957219
 -3 -9 176 0 42 1 0.8065810076448374 0.8926960335562486 0.7009641032541963 -1.68750043455944
 -3 -8 187 0 31 1 0.855346965091646 0.9216359156906968 0.8566419790825522 -1.748285676210195
 -3 -7 194 0 24 1 0.8868792484111634 0.9396391578616161 0.9913830928635153 -1.713021620124029
 -3 -6 204 0 14 1 0.9346020079211568 0.9659119055476341 1.025884984170809 -1.580280425915636
 -3 -5 211 0 7 1 0.9690910933038592 0.9841635098092129 0.9804762521530115 -1.42656091993879
 -3 -4 212 1 6 0.9944444444444445 0.9738918669982499 0.9838901269591649 0.9038321004981077 -1.256213827728097
 -3 -3 189 0 29 1 0.8706928249055907 0.9293639419278608 0.7211452086790393 -1.142842795956106
 -3 -2 83 0 135 1 0.3860889748549323 0.551903720893732 0.4583916163751233 -1.042599562996549
 -3 -1 5 0 213 NaN 0.02382241871603574 NaN NaN -1.001582223052737
 -3 0 0 0 218 NaN 0 NaN NaN -0.996341109797835
 -3 1 0 0 218 NaN 0 NaN NaN -0.9961107165082146
 -3 2 0 0 218 NaN 0 NaN NaN -0.9961866930085371
 -2 -15 0 0 218 NaN 0 NaN NaN -1.030363214301531
 -2 -14 0 0 218 NaN 0 NaN NaN -1.060450057678024
 -2 -13 0 0 218 NaN 0 NaN NaN -1.119902775161037
 -2 -12 0 0 218 NaN 0 NaN NaN -1.23611255612379
 -2 -11 137 0 81 1 0.6347506677719444 0.774429746855574 0.2575053854726918 -1.490775570892278
 -2 -10 176 0 42 1 0.8065810076448374 0.8926960335562486 0.7149683708185328 -1.747339505932236
 -2 -9 187 0 31 1 0.855346965091646 0.9216359156906968 0.8793947177973587 -1.864759111937343
 -2 -8 194 0 24 1 0.8868792484111634 0.9396391578616161 1.038035839178534 -1.94126341151693
 -2 -7 204 0 14 1 0.9346020079211568 0.9659119055476341 1.123704129161006 -1.901009532236024
 -2 -6 211 0 7 1 0.9679222621350281 0.9836726198232894 1.153934899563315 -1.727026282975416
 -2 -5 214 0 4 1 0.9821471861471862 0.9909189966348835 1.086578725449989 -1.528055956203222
 -2 -4 215 1 3 0.9944444444444445 0.986909090909091 0.9905117337806496 1.011403470665139 -1.310387705103447
 -2 -3 212 0 6 1 0.9733852813852814 0.9863891557757534 0.8927610491939666 -1.189997417587982
 -2 -2 150 0 68 1 0.6971262779773418 0.8132196648720516 0.6497957780120329 -1.084911467963584
 -2 -1 46 0 172 1 0.2170032237266279 0.3506560055709614 0.3834298446793961 -1.010714748538868
 -2 0 1 0 217 NaN 0.00425531914893617 NaN NaN -0.9928356957487644
 -2 1 0 0 218 NaN 0 NaN NaN -0.9922452304348608
 -2 2 0 0 218 NaN 0 NaN NaN -0.9924313640056652
 -1 -15 0 0 218 NaN 0 NaN NaN -1.060691764393791
 -1 -14 0 0 218 NaN 0 NaN NaN -1.120745959849241
 -1 -13 0 0 218 NaN 0 NaN NaN -1.239719659361895
 -1 -12 139 0 79 1 0.6430059869208806 0.7811456274661914 0.2681957312118847 -1.505362337989018
 -1 -11 176 0 42 1 0.8065810076448374 0.8926960335562486 0.7198131415937828 -1.777279695553839
 -1 -10 186 0 32 1 0.8505850603297411 0.9189776878425956 0.8950727815070726 -1.93029749396014
 -1 -9 193 0 25 1 0.8828792484111633 0.9374461754054757 1.064646321943608 -2.065029776572014
 -1 -8 204 0 14 1 0.9346020079211568 0.9659119055476341 1.178334986445269 -2.148978161055075
 -1 -7 211 0 7 1 0.9679222621350281 0.9836726198232894 1.257447123267902 -2.10685590638127
 -1 -6 213 0 5 1 0.9778918669982499 0.9887684590004749 1.25051341023641 -1.850708195222095
