# Created by Octave 3.8.1, Thu Apr 28 19:07:48 2016 IST <jayraj@jayrajdesktop>
# name: datalog
# type: matrix
# rows: 961
# columns: 8
 -15 -15 0 0 218 NaN 0 NaN
 -15 -14 0 0 218 NaN 0 NaN
 -15 -13 0 0 218 NaN 0 NaN
 -15 -12 0 0 218 NaN 0 NaN
 -15 -11 0 0 218 NaN 0 NaN
 -15 -10 0 0 218 NaN 0 NaN
 -15 -9 0 0 218 NaN 0 NaN
 -15 -8 0 0 218 NaN 0 NaN
 -15 -7 0 0 218 NaN 0 NaN
 -15 -6 0 0 218 NaN 0 NaN
 -15 -5 0 0 218 NaN 0 NaN
 -15 -4 0 0 218 NaN 0 NaN
 -15 -3 0 0 218 NaN 0 NaN
 -15 -2 0 0 218 NaN 0 NaN
 -15 -1 0 0 218 NaN 0 NaN
 -15 0 0 0 218 NaN 0 NaN
 -15 1 0 0 218 NaN 0 NaN
 -15 2 0 0 218 NaN 0 NaN
 -15 3 0 0 218 NaN 0 NaN
 -15 4 0 0 218 NaN 0 NaN
 -15 5 0 0 218 NaN 0 NaN
 -15 6 0 0 218 NaN 0 NaN
 -15 7 0 0 218 NaN 0 NaN
 -15 8 0 0 218 NaN 0 NaN
 -15 9 0 0 218 NaN 0 NaN
 -15 10 0 0 218 NaN 0 NaN
 -15 11 0 0 218 NaN 0 NaN
 -15 12 0 0 218 NaN 0 NaN
 -15 13 0 0 218 NaN 0 NaN
 -15 14 0 0 218 NaN 0 NaN
 -15 15 0 0 218 NaN 0 NaN
 -14 -15 0 0 218 NaN 0 NaN
 -14 -14 0 0 218 NaN 0 NaN
 -14 -13 0 0 218 NaN 0 NaN
 -14 -12 0 0 218 NaN 0 NaN
 -14 -11 0 0 218 NaN 0 NaN
 -14 -10 0 0 218 NaN 0 NaN
 -14 -9 0 0 218 NaN 0 NaN
 -14 -8 0 0 218 NaN 0 NaN
 -14 -7 0 0 218 NaN 0 NaN
 -14 -6 0 0 218 NaN 0 NaN
 -14 -5 0 0 218 NaN 0 NaN
 -14 -4 0 0 218 NaN 0 NaN
 -14 -3 0 0 218 NaN 0 NaN
 -14 -2 0 0 218 NaN 0 NaN
 -14 -1 0 0 218 NaN 0 NaN
 -14 0 0 0 218 NaN 0 NaN
 -14 1 0 0 218 NaN 0 NaN
 -14 2 0 0 218 NaN 0 NaN
 -14 3 0 0 218 NaN 0 NaN
 -14 4 0 0 218 NaN 0 NaN
 -14 5 0 0 218 NaN 0 NaN
 -14 6 0 0 218 NaN 0 NaN
 -14 7 0 0 218 NaN 0 NaN
 -14 8 0 0 218 NaN 0 NaN
 -14 9 0 0 218 NaN 0 NaN
 -14 10 0 0 218 NaN 0 NaN
 -14 11 0 0 218 NaN 0 NaN
 -14 12 0 0 218 NaN 0 NaN
 -14 13 0 0 218 NaN 0 NaN
 -14 14 0 0 218 NaN 0 NaN
 -14 15 0 0 218 NaN 0 NaN
 -13 -15 0 0 218 NaN 0 NaN
 -13 -14 0 0 218 NaN 0 NaN
 -13 -13 0 0 218 NaN 0 NaN
 -13 -12 0 0 218 NaN 0 NaN
 -13 -11 0 0 218 NaN 0 NaN
 -13 -10 0 0 218 NaN 0 NaN
 -13 -9 0 0 218 NaN 0 NaN
 -13 -8 0 0 218 NaN 0 NaN
 -13 -7 0 0 218 NaN 0 NaN
 -13 -6 0 0 218 NaN 0 NaN
 -13 -5 0 0 218 NaN 0 NaN
 -13 -4 0 0 218 NaN 0 NaN
 -13 -3 0 0 218 NaN 0 NaN
 -13 -2 0 0 218 NaN 0 NaN
 -13 -1 0 0 218 NaN 0 NaN
 -13 0 0 0 218 NaN 0 NaN
 -13 1 0 0 218 NaN 0 NaN
 -13 2 0 0 218 NaN 0 NaN
 -13 3 0 0 218 NaN 0 NaN
 -13 4 0 0 218 NaN 0 NaN
 -13 5 0 0 218 NaN 0 NaN
 -13 6 0 0 218 NaN 0 NaN
 -13 7 0 0 218 NaN 0 NaN
 -13 8 0 0 218 NaN 0 NaN
 -13 9 0 0 218 NaN 0 NaN
 -13 10 0 0 218 NaN 0 NaN
 -13 11 0 0 218 NaN 0 NaN
 -13 12 0 0 218 NaN 0 NaN
 -13 13 0 0 218 NaN 0 NaN
 -13 14 0 0 218 NaN 0 NaN
 -13 15 0 0 218 NaN 0 NaN
 -12 -15 0 0 218 NaN 0 NaN
 -12 -14 0 0 218 NaN 0 NaN
 -12 -13 0 0 218 NaN 0 NaN
 -12 -12 0 0 218 NaN 0 NaN
 -12 -11 0 0 218 NaN 0 NaN
 -12 -10 0 0 218 NaN 0 NaN
 -12 -9 0 0 218 NaN 0 NaN
 -12 -8 0 0 218 NaN 0 NaN
 -12 -7 0 0 218 NaN 0 NaN
 -12 -6 0 0 218 NaN 0 NaN
 -12 -5 0 0 218 NaN 0 NaN
 -12 -4 0 0 218 NaN 0 NaN
 -12 -3 0 0 218 NaN 0 NaN
 -12 -2 0 0 218 NaN 0 NaN
 -12 -1 0 0 218 NaN 0 NaN
 -12 0 0 0 218 NaN 0 NaN
 -12 1 0 0 218 NaN 0 NaN
 -12 2 0 0 218 NaN 0 NaN
 -12 3 0 0 218 NaN 0 NaN
 -12 4 0 0 218 NaN 0 NaN
 -12 5 0 0 218 NaN 0 NaN
 -12 6 0 0 218 NaN 0 NaN
 -12 7 0 0 218 NaN 0 NaN
 -12 8 0 0 218 NaN 0 NaN
 -12 9 0 0 218 NaN 0 NaN
 -12 10 0 0 218 NaN 0 NaN
 -12 11 0 0 218 NaN 0 NaN
 -12 12 0 0 218 NaN 0 NaN
 -12 13 0 0 218 NaN 0 NaN
 -12 14 0 0 218 NaN 0 NaN
 -12 15 0 0 218 NaN 0 NaN
 -11 -15 0 0 218 NaN 0 NaN
 -11 -14 0 0 218 NaN 0 NaN
 -11 -13 0 0 218 NaN 0 NaN
 -11 -12 0 0 218 NaN 0 NaN
 -11 -11 0 0 218 NaN 0 NaN
 -11 -10 0 0 218 NaN 0 NaN
 -11 -9 0 0 218 NaN 0 NaN
 -11 -8 0 0 218 NaN 0 NaN
 -11 -7 0 0 218 NaN 0 NaN
 -11 -6 0 0 218 NaN 0 NaN
 -11 -5 0 0 218 NaN 0 NaN
 -11 -4 0 0 218 NaN 0 NaN
 -11 -3 0 0 218 NaN 0 NaN
 -11 -2 0 0 218 NaN 0 NaN
 -11 -1 0 0 218 NaN 0 NaN
 -11 0 0 0 218 NaN 0 NaN
 -11 1 0 0 218 NaN 0 NaN
 -11 2 0 0 218 NaN 0 NaN
 -11 3 0 0 218 NaN 0 NaN
 -11 4 0 0 218 NaN 0 NaN
 -11 5 0 0 218 NaN 0 NaN
 -11 6 0 0 218 NaN 0 NaN
 -11 7 0 0 218 NaN 0 NaN
 -11 8 0 0 218 NaN 0 NaN
 -11 9 0 0 218 NaN 0 NaN
 -11 10 0 0 218 NaN 0 NaN
 -11 11 0 0 218 NaN 0 NaN
 -11 12 0 0 218 NaN 0 NaN
 -11 13 0 0 218 NaN 0 NaN
 -11 14 0 0 218 NaN 0 NaN
 -11 15 0 0 218 NaN 0 NaN
 -10 -15 0 0 218 NaN 0 NaN
 -10 -14 0 0 218 NaN 0 NaN
 -10 -13 0 0 218 NaN 0 NaN
 -10 -12 0 0 218 NaN 0 NaN
 -10 -11 0 0 218 NaN 0 NaN
 -10 -10 0 0 218 NaN 0 NaN
 -10 -9 0 0 218 NaN 0 NaN
 -10 -8 0 0 218 NaN 0 NaN
 -10 -7 0 0 218 NaN 0 NaN
 -10 -6 0 0 218 NaN 0 NaN
 -10 -5 0 0 218 NaN 0 NaN
 -10 -4 0 0 218 NaN 0 NaN
 -10 -3 0 0 218 NaN 0 NaN
 -10 -2 0 0 218 NaN 0 NaN
 -10 -1 0 0 218 NaN 0 NaN
 -10 0 0 0 218 NaN 0 NaN
 -10 1 0 0 218 NaN 0 NaN
 -10 2 0 0 218 NaN 0 NaN
 -10 3 0 0 218 NaN 0 NaN
 -10 4 0 0 218 NaN 0 NaN
 -10 5 0 0 218 NaN 0 NaN
 -10 6 0 0 218 NaN 0 NaN
 -10 7 0 0 218 NaN 0 NaN
 -10 8 0 0 218 NaN 0 NaN
 -10 9 0 0 218 NaN 0 NaN
 -10 10 0 0 218 NaN 0 NaN
 -10 11 0 0 218 NaN 0 NaN
 -10 12 0 0 218 NaN 0 NaN
 -10 13 0 0 218 NaN 0 NaN
 -10 14 0 0 218 NaN 0 NaN
 -10 15 0 0 218 NaN 0 NaN
 -9 -15 0 0 218 NaN 0 NaN
 -9 -14 0 0 218 NaN 0 NaN
 -9 -13 0 0 218 NaN 0 NaN
 -9 -12 0 0 218 NaN 0 NaN
 -9 -11 0 0 218 NaN 0 NaN
 -9 -10 0 0 218 NaN 0 NaN
 -9 -9 0 0 218 NaN 0 NaN
 -9 -8 0 0 218 NaN 0 NaN
 -9 -7 0 0 218 NaN 0 NaN
 -9 -6 0 0 218 NaN 0 NaN
 -9 -5 0 0 218 NaN 0 NaN
 -9 -4 0 0 218 NaN 0 NaN
 -9 -3 0 0 218 NaN 0 NaN
 -9 -2 0 0 218 NaN 0 NaN
 -9 -1 0 0 218 NaN 0 NaN
 -9 0 0 0 218 NaN 0 NaN
 -9 1 0 0 218 NaN 0 NaN
 -9 2 0 0 218 NaN 0 NaN
 -9 3 0 0 218 NaN 0 NaN
 -9 4 0 0 218 NaN 0 NaN
 -9 5 0 0 218 NaN 0 NaN
 -9 6 0 0 218 NaN 0 NaN
 -9 7 0 0 218 NaN 0 NaN
 -9 8 0 0 218 NaN 0 NaN
 -9 9 0 0 218 NaN 0 NaN
 -9 10 0 0 218 NaN 0 NaN
 -9 11 0 0 218 NaN 0 NaN
 -9 12 0 0 218 NaN 0 NaN
 -9 13 0 0 218 NaN 0 NaN
 -9 14 0 0 218 NaN 0 NaN
 -9 15 0 0 218 NaN 0 NaN
 -8 -15 0 0 218 NaN 0 NaN
 -8 -14 0 0 218 NaN 0 NaN
 -8 -13 0 0 218 NaN 0 NaN
 -8 -12 0 0 218 NaN 0 NaN
 -8 -11 0 0 218 NaN 0 NaN
 -8 -10 0 0 218 NaN 0 NaN
 -8 -9 0 0 218 NaN 0 NaN
 -8 -8 0 0 218 NaN 0 NaN
 -8 -7 0 0 218 NaN 0 NaN
 -8 -6 0 0 218 NaN 0 NaN
 -8 -5 0 0 218 NaN 0 NaN
 -8 -4 0 0 218 NaN 0 NaN
 -8 -3 0 0 218 NaN 0 NaN
 -8 -2 0 0 218 NaN 0 NaN
 -8 -1 0 0 218 NaN 0 NaN
 -8 0 0 0 218 NaN 0 NaN
 -8 1 0 0 218 NaN 0 NaN
 -8 2 0 0 218 NaN 0 NaN
 -8 3 0 0 218 NaN 0 NaN
 -8 4 0 0 218 NaN 0 NaN
 -8 5 0 0 218 NaN 0 NaN
 -8 6 0 0 218 NaN 0 NaN
 -8 7 0 0 218 NaN 0 NaN
 -8 8 0 0 218 NaN 0 NaN
 -8 9 0 0 218 NaN 0 NaN
 -8 10 0 0 218 NaN 0 NaN
 -8 11 0 0 218 NaN 0 NaN
 -8 12 0 0 218 NaN 0 NaN
 -8 13 0 0 218 NaN 0 NaN
 -8 14 0 0 218 NaN 0 NaN
 -8 15 0 0 218 NaN 0 NaN
 -7 -15 0 0 218 NaN 0 NaN
 -7 -14 0 0 218 NaN 0 NaN
 -7 -13 0 0 218 NaN 0 NaN
 -7 -12 0 0 218 NaN 0 NaN
 -7 -11 0 0 218 NaN 0 NaN
 -7 -10 0 0 218 NaN 0 NaN
 -7 -9 0 0 218 NaN 0 NaN
 -7 -8 0 0 218 NaN 0 NaN
 -7 -7 0 0 218 NaN 0 NaN
 -7 -6 0 0 218 NaN 0 NaN
 -7 -5 0 0 218 NaN 0 NaN
 -7 -4 0 0 218 NaN 0 NaN
 -7 -3 0 0 218 NaN 0 NaN
 -7 -2 0 0 218 NaN 0 NaN
 -7 -1 0 0 218 NaN 0 NaN
 -7 0 0 0 218 NaN 0 NaN
 -7 1 0 0 218 NaN 0 NaN
 -7 2 0 0 218 NaN 0 NaN
 -7 3 0 0 218 NaN 0 NaN
 -7 4 0 0 218 NaN 0 NaN
 -7 5 0 0 218 NaN 0 NaN
 -7 6 0 0 218 NaN 0 NaN
 -7 7 0 0 218 NaN 0 NaN
 -7 8 0 0 218 NaN 0 NaN
 -7 9 0 0 218 NaN 0 NaN
 -7 10 0 0 218 NaN 0 NaN
 -7 11 0 0 218 NaN 0 NaN
 -7 12 0 0 218 NaN 0 NaN
 -7 13 0 0 218 NaN 0 NaN
 -7 14 0 0 218 NaN 0 NaN
 -7 15 0 0 218 NaN 0 NaN
 -6 -15 0 0 218 NaN 0 NaN
 -6 -14 0 0 218 NaN 0 NaN
 -6 -13 0 0 218 NaN 0 NaN
 -6 -12 0 0 218 NaN 0 NaN
 -6 -11 0 0 218 NaN 0 NaN
 -6 -10 0 0 218 NaN 0 NaN
 -6 -9 0 0 218 NaN 0 NaN
 -6 -8 0 0 218 NaN 0 NaN
 -6 -7 25 0 193 1 0.1220111054257396 0.2116059173293216
 -6 -6 137 0 81 1 0.6272022286656433 0.7700088515617225
 -6 -5 127 0 91 1 0.5822836242348438 0.7345351171085923
 -6 -4 19 0 199 1 0.09128678909166713 0.1640317108755647
 -6 -3 0 0 218 NaN 0 NaN
 -6 -2 0 0 218 NaN 0 NaN
 -6 -1 0 0 218 NaN 0 NaN
 -6 0 0 0 218 NaN 0 NaN
 -6 1 0 0 218 NaN 0 NaN
 -6 2 0 0 218 NaN 0 NaN
 -6 3 0 0 218 NaN 0 NaN
 -6 4 0 0 218 NaN 0 NaN
 -6 5 0 0 218 NaN 0 NaN
 -6 6 0 0 218 NaN 0 NaN
 -6 7 0 0 218 NaN 0 NaN
 -6 8 0 0 218 NaN 0 NaN
