# Created by Octave 3.8.1, Tue May 03 19:19:39 2016 IST <jayraj@jayrajdesktop>
# name: datalog
# type: matrix
# rows: 874
# columns: 10
 -7 -20 0 0 218 NaN 0 NaN NaN -1.000027716515336
 -7 -19 0 0 218 NaN 0 NaN NaN -1.000055550564242
 -7 -18 0 0 218 NaN 0 NaN NaN -1.000110744936683
 -7 -17 0 0 218 NaN 0 NaN NaN -1.000221352757113
 -7 -16 0 0 218 NaN 0 NaN NaN -1.00044242444181
 -7 -15 0 0 218 NaN 0 NaN NaN -1.001039502024615
 -7 -14 0 0 218 NaN 0 NaN NaN -1.001923837690478
 -7 -13 0 0 218 NaN 0 NaN NaN -1.003821107627717
 -7 -12 0 0 218 NaN 0 NaN NaN -1.007466392665924
 -7 -11 0 0 218 NaN 0 NaN NaN -1.014395555563248
 -7 -10 0 0 218 NaN 0 NaN NaN -1.027061159390971
 -7 -9 0 0 218 NaN 0 NaN NaN -1.048223545896429
 -7 -8 0 0 218 NaN 0 NaN NaN -1.075262514233306
 -7 -7 0 0 218 NaN 0 NaN NaN -1.09298339038007
 -7 -6 0 0 218 NaN 0 NaN NaN -1.089076659844904
 -7 -5 0 0 218 NaN 0 NaN NaN -1.055953419617876
 -7 -4 0 0 218 NaN 0 NaN NaN -1.021476183761983
 -7 -3 0 0 218 NaN 0 NaN NaN -1.007285147786484
 -7 -2 0 0 218 NaN 0 NaN NaN -1.001507663430742
 -7 -1 0 0 218 NaN 0 NaN NaN -0.9998871924738975
 -7 0 0 0 218 NaN 0 NaN NaN -0.9995770339162394
 -7 1 0 0 218 NaN 0 NaN NaN -0.9992008495107001
 -7 2 0 0 218 NaN 0 NaN NaN -0.9990981403037924
 -6 -20 0 0 218 NaN 0 NaN NaN -1.000055433030671
 -6 -19 0 0 218 NaN 0 NaN NaN -1.000111101128483
 -6 -18 0 0 218 NaN 0 NaN NaN -1.000221489873367
 -6 -17 0 0 218 NaN 0 NaN NaN -1.000442705514224
 -6 -16 0 0 218 NaN 0 NaN NaN -1.00104115735993
 -6 -15 0 0 218 NaN 0 NaN NaN -1.001939242328519
 -6 -14 0 0 218 NaN 0 NaN NaN -1.003848603683196
 -6 -13 0 0 218 NaN 0 NaN NaN -1.007564556964243
 -6 -12 0 0 218 NaN 0 NaN NaN -1.014919150136699
 -6 -11 0 0 218 NaN 0 NaN NaN -1.028862722035228
 -6 -10 0 0 218 NaN 0 NaN NaN -1.054468748103238
 -6 -9 0 0 218 NaN 0 NaN NaN -1.096332868765358
 -6 -8 0 0 218 NaN 0 NaN NaN -1.150337999492921
 -6 -7 21 0 197 1 0.1010898763072676 0.1812081994660392 0.05152583838449522 -1.189429260198898
 -6 -6 131 0 87 1 0.6028298030471944 0.7515149378960732 0.2641087110185223 -1.203714370652279
 -6 -5 125 0 93 1 0.5744343579126188 0.7285670814613429 0.2738578348792986 -1.135348939965025
 -6 -4 25 0 193 NaN 0.1252933057280883 NaN NaN -1.046838260670137
 -6 -3 0 0 218 NaN 0 NaN NaN -1.014653577317157
 -6 -2 0 0 218 NaN 0 NaN NaN -1.003137336139166
 -6 -1 0 0 218 NaN 0 NaN NaN -1.000030841496911
 -6 0 0 0 218 NaN 0 NaN NaN -0.9993495509518407
 -6 1 0 0 218 NaN 0 NaN NaN -0.9994234253741748
 -6 2 0 0 218 NaN 0 NaN NaN -0.9991740189755435
 -5 -20 0 0 218 NaN 0 NaN NaN -1.00011086606134
 -5 -19 0 0 218 NaN 0 NaN NaN -1.000222202256967
 -5 -18 0 0 218 NaN 0 NaN NaN -1.000442979746734
 -5 -17 0 0 218 NaN 0 NaN NaN -1.001041888040594
 -5 -16 0 0 218 NaN 0 NaN NaN -1.001942479477042
 -5 -15 0 0 218 NaN 0 NaN NaN -1.003875614656932
 -5 -14 0 0 218 NaN 0 NaN NaN -1.007618744630178
 -5 -13 0 0 218 NaN 0 NaN NaN -1.01516128202688
 -5 -12 0 0 218 NaN 0 NaN NaN -1.029775646550378
 -5 -11 0 0 218 NaN 0 NaN NaN -1.057711824303363
 -5 -10 0 0 218 NaN 0 NaN NaN -1.108980288869243
 -5 -9 0 0 218 NaN 0 NaN NaN -1.192703303349708
 -5 -8 96 0 122 1 0.451777353081701 0.6170328864683704 0.1359584239554532 -1.319546353653474
 -5 -7 171 0 47 1 0.7780450708711577 0.8732554200378141 0.5847649986601908 -1.402324967529061
 -5 -6 182 0 36 1 0.8285233848277327 0.9043501416536983 0.7142111351222864 -1.343839683077758
 -5 -5 184 0 34 1 0.8380838243881723 0.9105386208895304 0.7024752072392465 -1.237504581611718
 -5 -4 149 0 69 1 0.6810413016934757 0.8096533626320477 0.5541017029114079 -1.11751143698544
 -5 -3 39 0 179 1 0.1855924510272336 0.3094873927386243 0.134681447955946 -1.035433328190126
 -5 -2 0 0 218 NaN 0 NaN NaN -1.006306947787925
 -5 -1 0 0 218 NaN 0 NaN NaN -1.000178494352595
 -5 0 0 0 218 NaN 0 NaN NaN -0.9990162703197211
 -5 1 0 0 218 NaN 0 NaN NaN -0.9989414565967986
 -5 2 0 0 218 NaN 0 NaN NaN -0.9990069292071283
 -4 -20 0 0 218 NaN 0 NaN NaN -1.000221732122681
 -4 -19 0 0 218 NaN 0 NaN NaN -1.000444404513934
 -4 -18 0 0 218 NaN 0 NaN NaN -1.001042553364394
 -4 -17 0 0 218 NaN 0 NaN NaN -1.001943998768474
 -4 -16 0 0 218 NaN 0 NaN NaN -1.00388259385647
 -4 -15 0 0 218 NaN 0 NaN NaN -1.007646116091474
 -4 -14 0 0 218 NaN 0 NaN NaN -1.015256928187786
 -4 -13 0 0 218 NaN 0 NaN NaN -1.030237370776122
 -4 -12 0 0 218 NaN 0 NaN NaN -1.059518095993071
 -4 -11 0 0 218 NaN 0 NaN NaN -1.115316116763503
 -4 -10 0 0 218 NaN 0 NaN NaN -1.217824610900712
 -4 -9 116 0 102 1 0.5395299145299146 0.6987893943002301 0.2062286370654597 -1.41029300746148
 -4 -8 174 0 44 1 0.791953336518554 0.8821443964070085 0.6672200955001604 -1.581730325824364
 -4 -7 187 0 31 1 0.8524316504751287 0.9184830902133101 0.8062822092546178 -1.547594942228287
 -4 -6 194 0 24 1 0.8833261665870362 0.9361150689019542 0.8730533055268479 -1.457134301043479
 -4 -5 201 0 17 1 0.9145105377714075 0.9537174897922263 0.8710770115306176 -1.329318590596942
 -4 -4 195 0 23 1 0.8886242501459893 0.9396254181046808 0.7654971998097398 -1.189624872045153
 -4 -3 124 0 94 1 0.5652046504220417 0.7215452214858205 0.5292650881616832 -1.083209180474718
 -4 -2 18 0 200 1 0.08904974252800339 0.1591140582074774 0.1651417650674336 -1.015545116749282
 -4 -1 0 0 218 NaN 0 NaN NaN -1.000443428227619
 -4 0 0 0 218 NaN 0 NaN NaN -0.9981915185152064
 -4 1 0 0 218 NaN 0 NaN NaN -0.9980440433059961
 -4 2 0 0 218 NaN 0 NaN NaN -0.9980968307167766
 -3 -20 0 0 218 NaN 0 NaN NaN -1.000443464245362
 -3 -19 0 0 218 NaN 0 NaN NaN -1.001045643144005
 -3 -18 0 0 218 NaN 0 NaN NaN -1.001944912215903
 -3 -17 0 0 218 NaN 0 NaN NaN -1.003886411915523
 -3 -16 0 0 218 NaN 0 NaN NaN -1.007659799286693
 -3 -15 0 0 218 NaN 0 NaN NaN -1.015287618062162
 -3 -14 0 0 218 NaN 0 NaN NaN -1.030456644066196
 -3 -13 0 0 218 NaN 0 NaN NaN -1.060494463787197
 -3 -12 0 0 218 NaN 0 NaN NaN -1.119079733822221
 -3 -11 0 0 218 NaN 0 NaN NaN -1.231037408402665
 -3 -10 125 0 93 1 0.5774990709773319 0.7312779708554358 0.2444068912748008 -1.464091557212461
 -3 -9 175 0 43 1 0.7957994903647079 0.8843780733829533 0.6990842003837455 -1.687998486183144
 -3 -8 187 0 31 1 0.8524316504751287 0.9184830902133101 0.8527849396220351 -1.748543115770629
 -3 -7 198 0 20 1 0.9023737856346552 0.9472059765719388 0.958528664666828 -1.708287784440331
 -3 -6 203 0 15 1 0.9228011360620056 0.9580347787583999 1.033079249831872 -1.579375785048602
 -3 -5 210 0 8 1 0.9602187184795881 0.9795298302093443 0.981761655172501 -1.427238541708232
 -3 -4 209 1 9 0.9948717948717949 0.9582406965015661 0.9761371230815186 0.9127434092836915 -1.254871998925914
 -3 -3 194 0 24 1 0.8876270106704889 0.9401668096249377 0.7088534921773537 -1.143451093090346
 -3 -2 88 0 130 1 0.4015870361522536 0.5717036335484232 0.4510701167489725 -1.043410843630899
 -3 -1 6 0 212 1 0.02835271009184053 0.0549121904418363 0.1399731327575224 -1.0018384465791
 -3 0 0 0 218 NaN 0 NaN NaN -0.9964560678484118
 -3 1 0 0 218 NaN 0 NaN NaN -0.9961361298738091
 -3 2 0 0 218 NaN 0 NaN NaN -0.9961914001904134
 -2 -20 0 0 218 NaN 0 NaN NaN -1.001043494140623
 -2 -19 0 0 218 NaN 0 NaN NaN -1.001953980087478
 -2 -18 0 0 218 NaN 0 NaN NaN -1.003887824016944
 -2 -17 0 0 218 NaN 0 NaN NaN -1.007666503630499
 -2 -16 0 0 218 NaN 0 NaN NaN -1.015315158437403
 -2 -15 0 0 218 NaN 0 NaN NaN -1.030556294671544
 -2 -14 0 0 218 NaN 0 NaN NaN -1.060936646374621
 -2 -13 0 0 218 NaN 0 NaN NaN -1.120934376812881
 -2 -12 0 0 218 NaN 0 NaN NaN -1.238059439386906
 -2 -11 129 0 89 1 0.5939836492010404 0.7448405386742728 0.2657071823641221 -1.492299847402909
 -2 -10 175 0 43 1 0.7957994903647079 0.8843780733829533 0.7138776861372746 -1.745371827746162
 -2 -9 188 0 30 1 0.8568760949195731 0.9210648458071138 0.8739692822761075 -1.866420773023159
 -2 -8 198 0 20 1 0.9023737856346552 0.9472059765719388 1.015385873061891 -1.939596580397323
 -2 -7 203 0 15 1 0.9228011360620056 0.9580347787583999 1.123300957331635 -1.894185533709162
 -2 -6 211 0 7 1 0.9652187184795882 0.9821263897679291 1.138780995867838 -1.73339655484257
