# Created by Octave 3.8.1, Thu May 05 17:06:47 2016 IST <jayraj@jayrajdesktop>
# name: datalog
# type: matrix
# rows: 874
# columns: 10
 -7 -20 0 0 218 NaN 0 NaN NaN -1.000025977176862
 -7 -19 0 0 218 NaN 0 NaN NaN -1.00005206294244
 -7 -18 0 0 218 NaN 0 NaN NaN -1.00010404573838
 -7 -17 0 0 218 NaN 0 NaN NaN -1.0002080621695
 -7 -16 0 0 218 NaN 0 NaN NaN -1.000415828530836
 -7 -15 0 0 218 NaN 0 NaN NaN -1.000908101239261
 -7 -14 0 0 218 NaN 0 NaN NaN -1.001981513434487
 -7 -13 0 0 218 NaN 0 NaN NaN -1.003838696957781
 -7 -12 0 0 218 NaN 0 NaN NaN -1.007528820402553
 -7 -11 0 0 218 NaN 0 NaN NaN -1.014375634549313
 -7 -10 0 0 218 NaN 0 NaN NaN -1.027072633186818
 -7 -9 0 0 218 NaN 0 NaN NaN -1.047883778651448
 -7 -8 0 0 218 NaN 0 NaN NaN -1.074906834994001
 -7 -7 0 0 218 NaN 0 NaN NaN -1.09288523516793
 -7 -6 0 0 218 NaN 0 NaN NaN -1.089011835365082
 -7 -5 0 0 218 NaN 0 NaN NaN -1.05573776978859
 -7 -4 0 0 218 NaN 0 NaN NaN -1.021791786674955
 -7 -3 0 0 218 NaN 0 NaN NaN -1.007405235869627
 -7 -2 0 0 218 NaN 0 NaN NaN -1.001521793681871
 -7 -1 0 0 218 NaN 0 NaN NaN -0.9998934480085838
 -7 0 0 0 218 NaN 0 NaN NaN -0.999580102198923
 -7 1 0 0 218 NaN 0 NaN NaN -0.9992047883745473
 -7 2 0 0 218 NaN 0 NaN NaN -0.9991041018756297
 -6 -20 0 0 218 NaN 0 NaN NaN -1.000051954353724
 -6 -19 0 0 218 NaN 0 NaN NaN -1.000104125884881
 -6 -18 0 0 218 NaN 0 NaN NaN -1.000208091476762
 -6 -17 0 0 218 NaN 0 NaN NaN -1.000416124338998
 -6 -16 0 0 218 NaN 0 NaN NaN -1.00090974078794
 -6 -15 0 0 218 NaN 0 NaN NaN -1.001988221631749
 -6 -14 0 0 218 NaN 0 NaN NaN -1.003865973503143
 -6 -13 0 0 218 NaN 0 NaN NaN -1.007647260936078
 -6 -12 0 0 218 NaN 0 NaN NaN -1.014832809251688
 -6 -11 0 0 218 NaN 0 NaN NaN -1.028859993964657
 -6 -10 0 0 218 NaN 0 NaN NaN -1.054056208835545
 -6 -9 0 0 218 NaN 0 NaN NaN -1.095689924359942
 -6 -8 0 0 218 NaN 0 NaN NaN -1.149821117890215
 -6 -7 25 0 193 1 0.1163237725101239 0.2063952083204807 0.06170100697519419 -1.190136052807347
 -6 -6 138 0 80 1 0.6436305093145881 0.7772543025982761 0.2500328468978699 -1.204936306223084
 -6 -5 126 0 92 1 0.5899803796098506 0.7347002100159985 0.2701712799038741 -1.135234177979827
 -6 -4 24 0 194 1 0.1089940746735424 0.1957512581020625 0.04891923043387973 -1.047155686732688
 -6 -3 0 0 218 NaN 0 NaN NaN -1.014805262215646
 -6 -2 0 0 218 NaN 0 NaN NaN -1.003187089093465
 -6 -1 0 0 218 NaN 0 NaN NaN -1.000035082947754
 -6 0 0 0 218 NaN 0 NaN NaN -0.9993473513430466
 -6 1 0 0 218 NaN 0 NaN NaN -0.9994362317044766
 -6 2 0 0 218 NaN 0 NaN NaN -0.999163696400774
 -5 -20 0 0 218 NaN 0 NaN NaN -1.000103908707447
 -5 -19 0 0 218 NaN 0 NaN NaN -1.000208251769763
 -5 -18 0 0 218 NaN 0 NaN NaN -1.000416182953524
 -5 -17 0 0 218 NaN 0 NaN NaN -1.000910424116406
 -5 -16 0 0 218 NaN 0 NaN NaN -1.001991983017915
 -5 -15 0 0 218 NaN 0 NaN NaN -1.003882917591315
 -5 -14 0 0 218 NaN 0 NaN NaN -1.007702685041201
 -5 -13 0 0 218 NaN 0 NaN NaN -1.01506088371572
 -5 -12 0 0 218 NaN 0 NaN NaN -1.029663893486431
 -5 -11 0 0 218 NaN 0 NaN NaN -1.057569499079986
 -5 -10 0 0 218 NaN 0 NaN NaN -1.108123486228558
 -5 -9 0 0 218 NaN 0 NaN NaN -1.191479701343453
 -5 -8 97 0 121 1 0.4577843545032795 0.6163676130444763 0.1380567389118867 -1.318564081073226
 -5 -7 168 0 50 1 0.7764224861277098 0.8718815127034304 0.5896475876654546 -1.403591813569012
 -5 -6 183 0 35 1 0.8431723238007409 0.9137272054362043 0.7000513093349177 -1.343811943252212
 -5 -5 182 0 36 1 0.8375951455610238 0.9101084851497026 0.7014102421867877 -1.235175023016508
 -5 -4 146 0 72 1 0.6790680236260238 0.8002335575151245 0.5674477783687985 -1.118190706290562
 -5 -3 35 0 183 1 0.1620027227016226 0.2779299698521666 0.1481385069581734 -1.035244181718538
 -5 -2 0 0 218 NaN 0 NaN NaN -1.006427426565855
 -5 -1 0 0 218 NaN 0 NaN NaN -1.000213696639747
 -5 0 0 0 218 NaN 0 NaN NaN -0.9990338675719019
 -5 1 0 0 218 NaN 0 NaN NaN -0.9989636906260664
 -5 2 0 0 218 NaN 0 NaN NaN -0.9990039609194519
 -4 -20 0 0 218 NaN 0 NaN NaN -1.000207817414893
 -4 -19 0 0 218 NaN 0 NaN NaN -1.000416503539524
 -4 -18 0 0 218 NaN 0 NaN NaN -1.0009106753266
 -4 -17 0 0 218 NaN 0 NaN NaN -1.001993629369287
 -4 -16 0 0 218 NaN 0 NaN NaN -1.003889020083494
 -4 -15 0 0 218 NaN 0 NaN NaN -1.007715224495052
 -4 -14 0 0 218 NaN 0 NaN NaN -1.0151685618024
 -4 -13 0 0 218 NaN 0 NaN NaN -1.030119678159917
 -4 -12 0 0 218 NaN 0 NaN NaN -1.059338675402349
 -4 -11 0 0 218 NaN 0 NaN NaN -1.115149293813716
 -4 -10 0 0 218 NaN 0 NaN NaN -1.216201466629397
 -4 -9 121 0 97 1 0.5668860041216934 0.7155865428104233 0.202058669178747 -1.409018148713903
 -4 -8 173 0 45 1 0.7975381664423888 0.8859446492352985 0.6701540389436872 -1.583736198115032
 -4 -7 187 0 31 1 0.8613742742337696 0.9244692813113865 0.801870846240783 -1.550670400452443
 -4 -6 193 0 25 1 0.8882596980561541 0.9399366532204935 0.8716061690455337 -1.454505631945382
 -4 -5 201 0 17 1 0.9236306975197692 0.9598499306600573 0.8618730362408951 -1.32658986651321
 -4 -4 194 0 24 1 0.8941903569938614 0.9432602726976593 0.7535549243696528 -1.189001845654836
 -4 -3 122 0 96 1 0.569668351103039 0.7164345575407911 0.5303480354429767 -1.083658660219016
 -4 -2 18 0 200 1 0.08469617410233971 0.1542773788056807 0.1417311684647589 -1.015696708051051
 -4 -1 0 0 218 NaN 0 NaN NaN -1.000493541021256
 -4 0 0 0 218 NaN 0 NaN NaN -0.998235507478569
 -4 1 0 0 218 NaN 0 NaN NaN -0.998058369965042
 -4 2 0 0 218 NaN 0 NaN NaN -0.9981045250431226
 -3 -20 0 0 218 NaN 0 NaN NaN -1.000415634829787
 -3 -19 0 0 218 NaN 0 NaN NaN -1.000911438681874
 -3 -18 0 0 218 NaN 0 NaN NaN -1.00199439623174
 -3 -17 0 0 218 NaN 0 NaN NaN -1.003889631999047
 -3 -16 0 0 218 NaN 0 NaN NaN -1.007746198670114
 -3 -15 0 0 218 NaN 0 NaN NaN -1.015224698495766
 -3 -14 0 0 218 NaN 0 NaN NaN -1.030331951118196
 -3 -13 0 0 218 NaN 0 NaN NaN -1.060241425360723
 -3 -12 0 0 218 NaN 0 NaN NaN -1.118585195915642
 -3 -11 0 0 218 NaN 0 NaN NaN -1.230000806724334
 -3 -10 135 0 83 1 0.6287782817494298 0.7664696471473965 0.2316693255755099 -1.463219143287605
 -3 -9 174 0 44 1 0.8014597350698398 0.8883289409604036 0.7012766673696471 -1.689223491717139
 -3 -8 189 0 29 1 0.8695511620101568 0.9293391766379383 0.8478431436553242 -1.748889866235589
 -3 -7 196 0 22 1 0.9011028353110561 0.9469194335076688 0.9723584168869228 -1.710811006010165
 -3 -6 204 0 14 1 0.9362357395365762 0.9665885665489625 1.028181885866511 -1.577937843653324
 -3 -5 210 0 8 1 0.96486709577448 0.9819968990564852 0.9868855738707645 -1.429084942278406
 -3 -4 211 0 7 1 0.9699627510578699 0.9846502837286003 0.9119018491005988 -1.256153468491906
 -3 -3 192 0 26 1 0.8860134692174743 0.9384631410673755 0.7091617285545563 -1.143374163781561
 -3 -2 85 0 133 1 0.3994862312226122 0.5632700703371331 0.4325305313466318 -1.043001600324933
 -3 -1 5 0 213 NaN 0.02269536482006016 NaN NaN -1.00172603044029
 -3 0 0 0 218 NaN 0 NaN NaN -0.9965248816149048
 -3 1 0 0 218 NaN 0 NaN NaN -0.9961822431665093
 -3 2 0 0 218 NaN 0 NaN NaN -0.9961968160797774
 -2 -20 0 0 218 NaN 0 NaN NaN -1.000909681879005
 -2 -19 0 0 218 NaN 0 NaN NaN -1.001997394399207
 -2 -18 0 0 218 NaN 0 NaN NaN -1.003896791424227
 -2 -17 0 0 218 NaN 0 NaN NaN -1.007751016212548
 -2 -16 0 0 218 NaN 0 NaN NaN -1.015252808019292
 -2 -15 0 0 218 NaN 0 NaN NaN -1.030442302762939
 -2 -14 0 0 218 NaN 0 NaN NaN -1.060608680652046
 -2 -13 0 0 218 NaN 0 NaN NaN -1.120395719923797
 -2 -12 0 0 218 NaN 0 NaN NaN -1.23722036227726
 -2 -11 141 0 77 1 0.6559974560932995 0.787804300464147 0.2478889050080139 -1.49292261485218
 -2 -10 175 0 43 1 0.805715054218776 0.8912301755283047 0.7113247763608543 -1.747553054911274
 -2 -9 189 0 29 1 0.8695511620101568 0.9293391766379383 0.8741821103379934 -1.873042302544669
 -2 -8 195 0 23 1 0.8971812666836051 0.9448167742621525 1.029007021557995 -1.93930283324194
 -2 -7 204 0 14 1 0.9362357395365762 0.9665885665489625 1.118902836413045 -1.896128784137164
 -2 -6 212 0 6 1 0.9738843196853211 0.9867108897892063 1.138349123293152 -1.721430501241977
