# Created by Octave 3.8.1, Thu May 05 19:56:10 2016 IST <jayraj@jayrajdesktop>
# name: datalog
# type: matrix
# rows: 874
# columns: 10
 -7 -20 0 0 562 NaN 0 NaN NaN -1.000023967448112
 -7 -19 0 0 562 NaN 0 NaN NaN -1.000047722862633
 -7 -18 0 0 562 NaN 0 NaN NaN -1.000094838005836
 -7 -17 0 0 562 NaN 0 NaN NaN -1.000190945865999
 -7 -16 0 0 562 NaN 0 NaN NaN -1.000434451819439
 -7 -15 0 0 562 NaN 0 NaN NaN -1.000882528678662
 -7 -14 0 0 562 NaN 0 NaN NaN -1.001560768958629
 -7 -13 0 0 562 NaN 0 NaN NaN -1.002933330513822
 -7 -12 0 0 562 NaN 0 NaN NaN -1.005629302658275
 -7 -11 0 0 562 NaN 0 NaN NaN -1.010824794032409
 -7 -10 0 0 562 NaN 0 NaN NaN -1.020455042784813
 -7 -9 0 0 562 NaN 0 NaN NaN -1.036454372008771
 -7 -8 0 0 562 NaN 0 NaN NaN -1.058334620792309
 -7 -7 0 0 562 NaN 0 NaN NaN -1.07722201384675
 -7 -6 0 0 562 NaN 0 NaN NaN -1.077488837177452
 -7 -5 0 0 562 NaN 0 NaN NaN -1.054747225426365
 -7 -4 0 0 562 NaN 0 NaN NaN -1.033267370803708
 -7 -3 0 0 562 NaN 0 NaN NaN -1.014200613939189
 -7 -2 0 0 562 NaN 0 NaN NaN -1.003145537118566
 -7 -1 0 0 562 NaN 0 NaN NaN -0.9997811206996193
 -7 0 0 0 562 NaN 0 NaN NaN -0.9992529024700106
 -7 1 0 0 562 NaN 0 NaN NaN -0.9992841539357279
 -7 2 0 0 562 NaN 0 NaN NaN -0.9990528146113427
 -6 -20 0 0 562 NaN 0 NaN NaN -1.000047934896224
 -6 -19 0 0 562 NaN 0 NaN NaN -1.000095445725266
 -6 -18 0 0 562 NaN 0 NaN NaN -1.000189676011673
 -6 -17 0 0 562 NaN 0 NaN NaN -1.000436505559464
 -6 -16 0 0 562 NaN 0 NaN NaN -1.000877382813899
 -6 -15 0 0 562 NaN 0 NaN NaN -1.001578617906149
 -6 -14 0 0 562 NaN 0 NaN NaN -1.002996891863128
 -6 -13 0 0 562 NaN 0 NaN NaN -1.005734011049846
 -6 -12 0 0 562 NaN 0 NaN NaN -1.011140107678672
 -6 -11 0 0 562 NaN 0 NaN NaN -1.021621927033037
 -6 -10 0 0 562 NaN 0 NaN NaN -1.040680687431758
 -6 -9 0 0 562 NaN 0 NaN NaN -1.072856612210231
 -6 -8 0 0 562 NaN 0 NaN NaN -1.116564535735682
 -6 -7 0 0 562 NaN 0 NaN NaN -1.154377726627942
 -6 -6 103 0 459 1 0.18303931962221 0.3092859904821167 0.1069741414959427 -1.16709128991923
 -6 -5 144 0 418 1 0.2557981695321786 0.4069915636479104 0.2181449079994742 -1.127363665353026
 -6 -4 84 0 478 1 0.1497858759972493 0.2602233090319072 0.1383619313709845 -1.075954074135438
 -6 -3 0 0 562 NaN 0 NaN NaN -1.028377367473687
 -6 -2 0 0 562 NaN 0 NaN NaN -1.006346845534414
 -6 -1 0 0 562 NaN 0 NaN NaN -0.9997127260889581
 -6 0 0 0 562 NaN 0 NaN NaN -0.9988554800468468
 -6 1 0 0 562 NaN 0 NaN NaN -0.9988009239341604
 -6 2 0 0 562 NaN 0 NaN NaN -0.9989518934905035
 -5 -20 0 0 562 NaN 0 NaN NaN -1.000095869792449
 -5 -19 0 0 562 NaN 0 NaN NaN -1.000190891450532
 -5 -18 0 0 562 NaN 0 NaN NaN -1.000434185123436
 -5 -17 0 0 562 NaN 0 NaN NaN -1.000879863339709
 -5 -16 0 0 562 NaN 0 NaN NaN -1.001576115415187
 -5 -15 0 0 562 NaN 0 NaN NaN -1.002949973960404
 -5 -14 0 0 562 NaN 0 NaN NaN -1.005764895333242
 -5 -13 0 0 562 NaN 0 NaN NaN -1.011241377207815
 -5 -12 0 0 562 NaN 0 NaN NaN -1.022154912068514
 -5 -11 0 0 562 NaN 0 NaN NaN -1.043037294927373
 -5 -10 0 0 562 NaN 0 NaN NaN -1.081201959598703
 -5 -9 0 0 562 NaN 0 NaN NaN -1.145500633150979
 -5 -8 11 0 551 1 0.01977923969716714 0.03869610777901843 0.04226174482943089 -1.234463858823378
 -5 -7 217 9 345 0.9593896244731465 0.3864384071887431 0.5504661156569377 0.3535528834261169 -1.343986376341942
 -5 -6 289 12 273 0.9604481345967415 0.5147403560044486 0.668834547505438 0.5491172227930745 -1.337543897323889
 -5 -5 297 13 265 0.9588553491703109 0.5280355843188076 0.6800417473667129 0.5908938842007064 -1.251821668450839
 -5 -4 262 3 300 0.9895839753466872 0.4660202152199348 0.6334349350258346 0.5373276090897899 -1.172052785584002
 -5 -3 124 0 438 1 0.2205748561267283 0.3611268001717659 0.3527188720789294 -1.073039666109133
 -5 -2 0 0 562 NaN 0 NaN NaN -1.012730922855933
 -5 -1 0 0 562 NaN 0 NaN NaN -0.9994857595403246
 -5 0 0 0 562 NaN 0 NaN NaN -0.9978650080938039
 -5 1 0 0 562 NaN 0 NaN NaN -0.9978494914205255
 -5 2 0 0 562 NaN 0 NaN NaN -0.9979549706636973
 -4 -20 0 0 562 NaN 0 NaN NaN -1.000191739584898
 -4 -19 0 0 562 NaN 0 NaN NaN -1.000431817878102
 -4 -18 0 0 562 NaN 0 NaN NaN -1.000883075733951
 -4 -17 0 0 562 NaN 0 NaN NaN -1.001571718328296
 -4 -16 0 0 562 NaN 0 NaN NaN -1.003008195029555
 -4 -15 0 0 562 NaN 0 NaN NaN -1.005772332741439
 -4 -14 0 0 562 NaN 0 NaN NaN -1.011358358937681
 -4 -13 0 0 562 NaN 0 NaN NaN -1.022378566029349
 -4 -12 0 0 562 NaN 0 NaN NaN -1.044123020955449
 -4 -11 0 0 562 NaN 0 NaN NaN -1.086034134823661
 -4 -10 0 0 562 NaN 0 NaN NaN -1.162400344718953
 -4 -9 46 0 516 1 0.08165466930216624 0.1501746776000313 0.07854412900961605 -1.296781895476444
 -4 -8 252 11 310 0.9580911854103343 0.4493246062481999 0.6102613105471442 0.4814771847821024 -1.499699608644872
 -4 -7 315 13 247 0.9608751327117984 0.5605877968085166 0.7068294827707313 0.6298218187628719 -1.526876804873082
 -4 -6 357 14 205 0.9624440524086632 0.6344511239102044 0.7638231904039975 0.7080804829771387 -1.46745327025988
 -4 -5 406 15 156 0.9640382038729097 0.7216834503467776 0.8246568819672919 0.7008903104078581 -1.371495912995579
 -4 -4 412 10 150 0.976481868651075 0.732605769568355 0.8364152535486322 0.64652683620202 -1.293263678019102
 -4 -3 298 3 264 0.9898683490335033 0.5306079724087492 0.6905112791333312 0.5496104178430002 -1.15593032053179
 -4 -2 90 0 472 1 0.1602236770872497 0.2750126905914521 0.4170497883398889 -1.037463387341134
 -4 -1 0 0 562 NaN 0 NaN NaN -0.9990283390120313
 -4 0 0 0 562 NaN 0 NaN NaN -0.9957578327275005
 -4 1 0 0 562 NaN 0 NaN NaN -0.9957902094820185
 -4 2 0 0 562 NaN 0 NaN NaN -0.995932216475078
 -3 -20 0 0 562 NaN 0 NaN NaN -1.000436875409287
 -3 -19 0 0 562 NaN 0 NaN NaN -1.000882206219563
 -3 -18 0 0 562 NaN 0 NaN NaN -1.001569810072195
 -3 -17 0 0 562 NaN 0 NaN NaN -1.003010192812637
 -3 -16 0 0 562 NaN 0 NaN NaN -1.005757309247874
 -3 -15 0 0 562 NaN 0 NaN NaN -1.011368446134079
 -3 -14 0 0 562 NaN 0 NaN NaN -1.022557717946327
 -3 -13 0 0 562 NaN 0 NaN NaN -1.044567091456299
 -3 -12 0 0 562 NaN 0 NaN NaN -1.088272231133651
 -3 -11 0 0 562 NaN 0 NaN NaN -1.171705739661117
 -3 -10 54 0 508 1 0.09567976657905976 0.1736144719483423 0.1168451798503239 -1.331889849762087
 -3 -9 269 13 293 0.9549098822324629 0.4792189879789915 0.6366611536671666 0.5107293894414938 -1.593479982742654
 -3 -8 328 14 234 0.9596638655462186 0.5833585260508561 0.724383678142589 0.6622402940587817 -1.673824383875629
 -3 -7 371 18 191 0.95408982662425 0.6598082782322516 0.7798194589169102 0.7655051213455494 -1.672778469559139
 -3 -6 414 19 148 0.9562034061127527 0.7360880237384414 0.8313526981527583 0.8294456161579695 -1.60592107596368
 -3 -5 446 18 116 0.9611888081556806 0.7929216564373408 0.868531739916968 0.8446240207442894 -1.505876812648192
 -3 -4 488 11 74 0.978107421417181 0.8676592586093725 0.9194498525501983 0.8019325909309053 -1.428094779646779
 -3 -3 457 7 105 0.9854687457030498 0.8125576778659612 0.8904137968012791 0.6900235516976164 -1.264953520447867
 -3 -2 244 2 318 0.9917446808510638 0.4341438400422571 0.6037900803763894 0.5466922197042799 -1.089856975976382
 -3 -1 46 0 516 1 0.0817452796357814 0.1501712330909758 0.3662694957363054 -1.003862509522746
 -3 0 0 0 562 NaN 0 NaN NaN -0.9915318278497198
 -3 1 0 0 562 NaN 0 NaN NaN -0.9916050909153995
 -3 2 0 0 562 NaN 0 NaN NaN -0.9918925784597604
 -2 -20 0 0 562 NaN 0 NaN NaN -1.000877847650086
 -2 -19 0 0 562 NaN 0 NaN NaN -1.001589550919462
 -2 -18 0 0 562 NaN 0 NaN NaN -1.003006624669934
 -2 -17 0 0 562 NaN 0 NaN NaN -1.005772399303643
 -2 -16 0 0 562 NaN 0 NaN NaN -1.011379185968752
 -2 -15 0 0 562 NaN 0 NaN NaN -1.022671155640612
 -2 -14 0 0 562 NaN 0 NaN NaN -1.045167500217952
 -2 -13 0 0 562 NaN 0 NaN NaN -1.089485535866029
 -2 -12 0 0 562 NaN 0 NaN NaN -1.176568961509627
 -2 -11 69 0 493 1 0.122540273389476 0.2175653494612714 0.1115216613678444 -1.35272488275537
 -2 -10 277 14 285 0.9530913998282419 0.4933604042277154 0.6482138981058677 0.5204538424770855 -1.640668209775696
