# Created by Octave 3.8.1, Wed Apr 27 15:27:20 2016 IST <jayraj@jayrajdesktop>
# name: datalog
# type: matrix
# rows: 136
# columns: 8
 -1 -20 138 16 80 0.8931120047916489 0.6316310497402717 0.739009162249887
 -1 -19 149 19 69 0.8862012987012987 0.6818918366044346 0.7694831582163315
 -1 -18 150 21 68 0.8772631266582881 0.6864372911498892 0.768982477290272
 -1 -17 149 20 69 0.8807809095130926 0.6821819720009531 0.7674836983347622
 -1 -16 149 12 69 0.924280112044818 0.6803892549141183 0.7824235222599603
 -1 -15 145 10 73 0.9358397120121257 0.6637017288398588 0.773646940308983
 -1 -14 143 8 75 0.9510211182678354 0.6555684561884385 0.7741713137451225
 -1 -13 136 7 82 0.9543521703521703 0.623624054141164 0.7516942827287655
 0 -20 149 17 69 0.8957467532467532 0.6809353564513978 0.7723817030542124
 0 -19 150 19 68 0.8873392574240739 0.6876061223187204 0.7735008755586703
 0 -18 151 20 67 0.8818085812037424 0.6909815894088918 0.773295858191316
 0 -17 151 15 67 0.9101959464225031 0.6906489951738586 0.7839260376007577
 0 -16 147 12 71 0.9239308755760367 0.6722123671377311 0.7762161944946755
 0 -15 145 12 73 0.9235381201832814 0.664035479361344 0.7702170524955335
 0 -14 144 8 74 0.9518796992481203 0.6594911811023414 0.7773332977942831
 0 -13 145 10 73 0.9372294529427017 0.6652054668166272 0.7764765832943901
 1 -20 152 19 66 0.8885573204068429 0.6960731454916259 0.7791538191063508
 1 -19 151 17 67 0.8976412826946232 0.691315339930377 0.7801311071847026
 1 -18 150 17 68 0.8986188854906034 0.6861035406284041 0.7767351142830737
 1 -17 149 13 69 0.9192380952380953 0.6803892549141183 0.7804761025910215
 1 -16 146 10 72 0.9348661926308985 0.6682907985102802 0.7778148549416155
 1 -15 144 9 74 0.9421333562664831 0.660113910733893 0.774357511481225
 1 -14 146 8 72 0.9489696409067607 0.6676680688787285 0.7825574063079396
 1 -13 151 12 67 0.9262531241353658 0.6927743064957265 0.7909742244597761
 2 -20 151 17 67 0.8971494902946515 0.6900687243808218 0.7789056453946527
 2 -19 150 16 68 0.9000382233932125 0.6870600207814408 0.7782861767971953
 2 -18 150 14 68 0.9150915750915752 0.6861035406284041 0.782621084260801
 2 -17 149 11 69 0.9291383715807602 0.680056660679085 0.7839486618683096
 2 -16 149 10 69 0.9354705882352941 0.6807230054356035 0.7870038881306487
 2 -15 146 7 72 0.9573029742400939 0.6682907985102802 0.7853557323902152
 2 -14 153 8 65 0.9502872503840246 0.7004062490212861 0.8052143496447293
 2 -13 153 15 65 0.9100502269873466 0.7004050927348342 0.7892501414827391
 3 -20 150 17 68 0.897066344508205 0.6861471557533708 0.7767342287120531
 3 -19 152 17 66 0.8993085236399191 0.6955270439543464 0.7824965504315391
 3 -18 148 12 70 0.9252151067323482 0.6755112061336305 0.7789292136015826
 3 -17 150 10 68 0.9344465278881297 0.6843119798280213 0.7891231974776278
 3 -16 149 9 69 0.9431372549019608 0.6807230054356035 0.7896027581871458
 3 -15 154 6 64 0.9645716665895311 0.7032014453184208 0.8120209126206129
 3 -14 158 10 60 0.9402367409804 0.7246337908659714 0.8159930132156905
 3 -13 157 15 61 0.9125167642814702 0.7188417207709616 0.8020110883268778
 4 -20 148 15 70 0.9056056727024469 0.6761775508901489 0.7732428104986034
 4 -19 153 14 65 0.9146977753429366 0.6991596334717309 0.7919376408050273
 4 -18 150 9 68 0.9406830870279146 0.6843119798280213 0.7910545994090298
 4 -17 150 10 68 0.9344465278881297 0.6843119798280213 0.7891231974776278
 4 -16 152 7 66 0.9536349924585219 0.6958607944758317 0.8037143738275117
 4 -15 161 6 57 0.9627359307359307 0.73564949006446 0.8332591589938865
 4 -14 164 11 54 0.9349004654912363 0.751581057199971 0.8317309270101871
 4 -13 162 18 56 0.8978077478077479 0.7404850800064329 0.810101719248834
 5 -20 153 16 65 0.9035004286785983 0.7001149573383157 0.7875939628773987
 5 -19 153 10 65 0.9371370296370298 0.6991596334717309 0.8001042340224318
 5 -18 154 8 64 0.9468937097385373 0.7033724937821522 0.8064742810623698
 5 -17 154 6 64 0.9605253456221199 0.703038743260667 0.8105891650085375
 5 -16 164 6 54 0.962892857142857 0.7471252168367466 0.840720712095167
 5 -15 170 6 48 0.9649215799680195 0.7768546933799232 0.8595551883348523
 5 -14 176 10 42 0.9459860837727717 0.8061313324688275 0.868017054784296
 5 -13 180 14 38 0.926840167052933 0.8228188585430869 0.8703900861043717
 6 -20 154 15 64 0.9096130594591607 0.704370276487252 0.7932811911248556
 6 -19 156 7 62 0.9551622126821874 0.7125058617115763 0.8153407255699812
 6 -18 161 6 57 0.9606377935789701 0.7337376860448381 0.8316088711476581
 6 -17 172 5 46 0.9728721728721729 0.7829074261208941 0.8659279149532043
 6 -16 176 5 42 0.9737122416534181 0.8016766483920549 0.8777857142857142
 6 -15 185 6 33 0.9674248357175186 0.8429243105460328 0.8997617702514095
 6 -14 191 12 27 0.9401153954404728 0.8712869283204153 0.9032738615617912
 6 -13 181 15 37 0.9226420854992284 0.8261165412525344 0.8701711621711622
 7 -20 161 10 57 0.9415547533861487 0.7356506463509118 0.825517046187439
 7 -19 165 6 53 0.9616386751870623 0.7516718276686529 0.8435074425381611
 7 -18 173 4 45 0.976076076076076 0.7913697527885996 0.8736871916859845
 7 -17 185 4 33 0.979688346883469 0.8429254668324848 0.9049877197333679
 7 -16 193 5 25 0.9733232284956422 0.8810430258813909 0.9237906976744187
 7 -15 199 6 19 0.9702626728110598 0.910405738933777 0.9389431356688493
 7 -14 197 12 21 0.9422578728461082 0.9027313375697025 0.9211464315087321
 7 -13 184 16 34 0.9193930410001838 0.8420905672265604 0.8774408682602545
 8 -20 169 6 49 0.9642733642733642 0.7707311853363321 0.8562318430484815
 8 -19 182 4 36 0.9755730790390611 0.8311171458251649 0.896905990466362
 8 -18 191 2 27 0.9902439024390244 0.8704518476730693 0.9253598330827932
 8 -17 200 2 18 0.9905869324473976 0.9108632728932493 0.9471173257620361
 8 -16 207 2 11 0.9893939393939395 0.9482354751590686 0.9680045506937416
 8 -15 206 3 12 0.9855721925133689 0.9448600080688973 0.9647235799869724
 8 -14 199 12 19 0.9428460945731313 0.9115321112640933 0.9259547799928308
 8 -13 184 15 34 0.923446861933704 0.8424243177480456 0.8800363805543787
 9 -20 184 4 34 0.9760656898764996 0.8417094803199385 0.9033790860841945
 9 -19 194 1 24 0.9949999999999999 0.8849657507952939 0.9357728888195421
 9 -18 200 0 18 1 0.9108632728932493 0.9514566881377643
 9 -17 206 2 12 0.9906775067750677 0.9413523582759517 0.964273991747679
 9 -16 207 4 11 0.9799112978524743 0.949361847489385 0.9639392143089898
 9 -15 205 6 13 0.9723122640360493 0.9408948243164795 0.9557445277991405
 9 -14 201 12 17 0.9439329685362517 0.9224593525668039 0.9322393012248085
 9 -13 187 17 31 0.9163661215969577 0.8551902751948541 0.8840469288663151
 10 -20 196 3 22 0.9833415435139573 0.8947218483562696 0.9360080192461908
 10 -19 203 2 15 0.9906976744186047 0.9268372988672754 0.9567240378252384
 10 -18 209 1 9 0.9951219512195122 0.9584952154188089 0.976023445202354
 10 -17 207 2 11 0.9905764966740577 0.9496944417244183 0.9690775820767156
 10 -16 208 5 10 0.9761577964519141 0.9550761332036707 0.9649792101609682
 10 -15 208 7 10 0.9686519260186344 0.9536607817632881 0.960679090603757
 10 -14 203 11 15 0.9499335188620904 0.930636240343191 0.9394615214598165
 10 -13 186 17 32 0.9157600609908971 0.8506448206493996 0.8814933027171833
 11 -20 204 1 14 0.9953488372093023 0.9310926180162115 0.9611684822696829
 11 -19 209 2 9 0.9904707884288145 0.9584952154188089 0.9739260669252003
 11 -18 211 1 7 0.9951219512195122 0.9699237868473803 0.9819057981435304
 11 -17 207 2 11 0.9901098901098901 0.9513669155920141 0.9699906143268336
 11 -16 210 2 8 0.9910101010101009 0.9635867715015429 0.9768850492553133
 11 -15 207 7 11 0.9685509159176243 0.9494054626143518 0.958385731788659
 11 -14 204 11 14 0.9501774213011147 0.9355142891236788 0.9420511029111864
 11 -13 186 17 32 0.9157600609908971 0.8506448206493996 0.8814933027171833
 12 -20 210 1 8 0.9953488372093023 0.9642095011330947 0.9793187821197578
 12 -19 211 1 7 0.9951219512195122 0.9699237868473803 0.9819057981435304
 12 -18 211 3 7 0.9860263439843701 0.9699237868473803 0.977561228855141
