# Created by Octave 3.8.1, Wed Apr 27 15:19:36 2016 IST <jayraj@jayrajdesktop>
# name: datalog
# type: matrix
# rows: 136
# columns: 8
 -1 -20 206 65 356 0.7630780951633933 0.3666208134498363 0.4927010670488931
 -1 -19 231 78 331 0.7510016316829956 0.4103104617893629 0.5291169844370308
 -1 -18 259 93 303 0.7371342060044868 0.4602265751156135 0.5655971831750846
 -1 -17 277 97 285 0.7405902761160913 0.4924697817372385 0.5901199580478766
 -1 -16 295 88 267 0.7687255538274215 0.5234493539298417 0.6217806312428371
 -1 -15 294 81 268 0.7817954552937072 0.5213569807656228 0.6243761497155162
 -1 -14 288 79 274 0.7829214556746873 0.5116790556594132 0.6180413429170678
 -1 -13 279 71 283 0.7954380720193873 0.4959509591185561 0.6103679490866721
 0 -20 232 75 330 0.7585501998001998 0.4119632129794738 0.5322565546121425
 0 -19 239 82 323 0.7450031795533502 0.4240349745900562 0.5395024848022559
 0 -18 265 92 297 0.7432147255286388 0.4707723605853488 0.575326625580489
 0 -17 282 91 280 0.7555034687989729 0.5012756376517773 0.601331980480201
 0 -16 297 87 265 0.7727466644398672 0.5274931945622361 0.6256784058732883
 0 -15 296 79 266 0.7861439658022433 0.524844964744261 0.628237756553546
 0 -14 294 77 268 0.7905301744770923 0.5218592593813348 0.628074837321954
 0 -13 281 67 281 0.8048499237093211 0.499022706843448 0.6147039791892446
 1 -20 232 75 330 0.7566632490316701 0.4119292868894964 0.5323428030737747
 1 -19 253 88 309 0.7415418028851649 0.4484866184557814 0.5580567815536849
 1 -18 270 91 292 0.7491914098972923 0.4796722014622937 0.5833714243526356
 1 -17 293 92 269 0.7588851022395326 0.5202409093370514 0.6163398634592866
 1 -16 303 87 259 0.7754824486695662 0.5376983950634893 0.6338447999220354
 1 -15 299 76 263 0.7948137032711184 0.5301771108220723 0.6350479577289703
 1 -14 299 74 263 0.7996526417311302 0.5313712820121693 0.6375050085256114
 1 -13 285 64 277 0.8143683860783411 0.5061576213858651 0.6230161741924208
 2 -20 234 75 328 0.7577227072989785 0.4152775011752106 0.5353820508687559
 2 -19 259 87 303 0.749626891993272 0.4597291662753163 0.5690918129351807
 2 -18 280 91 282 0.7554324948086981 0.4978514463178628 0.5991865242238994
 2 -17 303 89 259 0.7706056166056167 0.5387532716165124 0.6325740170421427
 2 -16 306 81 256 0.7888427302900987 0.54263783990083 0.6420737814050759
 2 -15 306 73 256 0.8046995811601075 0.5434419076196321 0.6479786279325508
 2 -14 302 60 260 0.83215739012669 0.5371971031579829 0.651581447819958
 2 -13 298 61 264 0.8298479132247483 0.5296089534468169 0.6452877120609452
 3 -20 247 76 315 0.7633971972273413 0.4374109598218271 0.5550915953964735
 3 -19 268 83 294 0.764458577051834 0.4765679894134801 0.5863001768746254
 3 -18 292 87 270 0.7706073737719307 0.5195696554209388 0.6196263147353954
 3 -17 320 82 242 0.7940841416149783 0.568846318207729 0.6617034120475391
 3 -16 317 76 245 0.8033890586064499 0.5627596229139287 0.6610349873860283
 3 -15 319 62 243 0.8338944740127472 0.5667658036840505 0.6734279058701504
 3 -14 314 51 248 0.8578570860687627 0.5572068603195784 0.6736317743351397
 3 -13 317 61 245 0.8392033505076982 0.5633531394299574 0.6727760618786573
 4 -20 258 78 304 0.7679964160725918 0.4576367931110973 0.5728387631143065
 4 -19 285 83 277 0.7743902320719662 0.5064993423574667 0.6113165758000546
 4 -18 315 82 247 0.7921241165336378 0.5605390071366071 0.6556278743848272
 4 -17 336 78 226 0.8083422465244811 0.5969724871857399 0.6854919603700265
 4 -16 328 65 234 0.8307944847705485 0.5820278197054123 0.6835246698471655
 4 -15 339 51 223 0.8657005033302368 0.6018806037022787 0.7088214492060646
 4 -14 347 51 215 0.8723181580324437 0.6165807938898556 0.7210190045723467
 4 -13 345 55 217 0.8635694519464863 0.6133552951181739 0.7159677063343612
 5 -20 273 74 289 0.7871786404308829 0.484798187433282 0.5992480065575664
 5 -19 317 78 245 0.799966816993799 0.5627308923623021 0.6596190050951787
 5 -18 335 77 227 0.8104257600113922 0.59533287413442 0.6855183259608616
 5 -17 351 63 211 0.8451522407142674 0.6226837059452556 0.7157056285545991
 5 -16 357 34 205 0.9099136829306783 0.6327178084327827 0.7445515075117274
 5 -15 374 38 188 0.9051430395684289 0.6641761242278224 0.7647220677669835
 5 -14 390 45 172 0.8946875704921844 0.6924414055751018 0.780167622490364
 5 -13 388 44 174 0.896907053491814 0.689193507793264 0.7792303645890558
 6 -20 302 69 260 0.8129944636793951 0.5362193396562797 0.6453474685807
 6 -19 341 70 221 0.8283947933440686 0.605659179090736 0.6987601652733232
 6 -18 365 62 197 0.8536454470899508 0.6485303362766359 0.7356541950976345
 6 -17 377 34 185 0.9149342645252551 0.6691087624678426 0.7721640992750961
 6 -16 401 30 161 0.9289051365989709 0.7129000397843873 0.8058119820021268
 6 -15 414 34 148 0.923562227983919 0.735966138149459 0.8186485208567813
 6 -14 421 39 141 0.9147269764720883 0.747833019151469 0.8224634288242901
 6 -13 434 37 128 0.9200607926920823 0.770920380523577 0.8386005358329609
 7 -20 333 63 229 0.8393155367838914 0.5909078593413766 0.6918972980773318
 7 -19 371 65 191 0.8496763588064334 0.6586871542781958 0.7409322421282816
 7 -18 403 35 159 0.9206227106227107 0.716079428062615 0.8052097844860722
 7 -17 417 31 145 0.9296177304014931 0.7411797775413829 0.8241617565525441
 7 -16 433 28 129 0.9385530319287714 0.7701317559246965 0.8456963048489705
 7 -15 447 31 115 0.9346509763351868 0.7945885953287725 0.8586063839510361
 7 -14 452 35 110 0.9275057850612647 0.8032402251406717 0.8606400614122022
 7 -13 455 41 107 0.91715797297033 0.8090108571894714 0.8591466543502676
 8 -20 368 57 194 0.865090032951767 0.6535856900306889 0.7441221576235945
 8 -19 411 35 151 0.9225006734294832 0.7302450246034722 0.8147267161719949
 8 -18 429 28 133 0.9383668304333561 0.7630440878788531 0.8409971575549836
 8 -17 442 26 120 0.9439826529832638 0.7870853519764526 0.8579506331780034
 8 -16 457 28 105 0.9418555559626564 0.8129415359672431 0.8721069299067583
 8 -15 467 29 95 0.9416258927601941 0.8303714271451739 0.8822405525510698
 8 -14 473 31 89 0.9394700412182166 0.8402763003093929 0.8866777776991842
 8 -13 479 40 83 0.9231162772625673 0.8510490338371375 0.885290981316551
 9 -20 407 49 155 0.8944823845003287 0.7234193667087354 0.7992944948457676
 9 -19 439 26 123 0.9440627722608458 0.7800354930857958 0.8538001033252888
 9 -18 445 26 117 0.9443340504317735 0.7916894073836622 0.8609388666515642
 9 -17 458 26 104 0.9460869434266079 0.8155808364745722 0.8755142506721597
 9 -16 475 27 87 0.9464740342399918 0.8451529392122158 0.8926497734099307
 9 -15 487 27 75 0.9489259846682527 0.8654023075147619 0.9048465501728999
 9 -14 493 31 69 0.9425536232609348 0.8765394867872003 0.9078921580229375
 9 -13 485 37 77 0.9293003993820124 0.8623266437497696 0.8943404078182052
 10 -20 434 28 128 0.9399347486216942 0.7714189253669937 0.8470062646250621
 10 -19 458 27 104 0.9443713485394157 0.8145848827908579 0.8743318956980453
 10 -18 458 26 104 0.9463734344622937 0.8151944667755722 0.8755298510491498
 10 -17 473 25 89 0.9497246801292591 0.8417526086545131 0.8922240199317411
 10 -16 496 26 66 0.9506847603615898 0.8823388493876265 0.9150742065359513
 10 -15 506 29 56 0.9466420823562526 0.8999674331277904 0.9225137427781789
 10 -14 490 31 72 0.9419924065455355 0.8709294123825109 0.9046806799392859
 10 -13 481 38 81 0.9275441711913126 0.8547113745459466 0.8893507230259446
 11 -20 451 23 111 0.9512861002421744 0.8017873025159131 0.8700871776478568
 11 -19 463 27 99 0.9447765941923245 0.8237324596769986 0.8799873653093739
 11 -18 471 22 91 0.9552334415602756 0.8382047150963603 0.8927270618621328
 11 -17 495 28 67 0.9470600454573883 0.8799334858034324 0.9118910777804562
 11 -16 509 25 53 0.9534128685628387 0.9052656531156243 0.9285962324384973
 11 -15 518 29 44 0.9483932501886265 0.920465012495382 0.9339568367098551
 11 -14 494 33 68 0.939134336987222 0.878322603303739 0.9072846093917292
 11 -13 480 37 82 0.9290651147415488 0.8525642873405639 0.8889034303982818
 12 -20 460 25 102 0.9481941357611461 0.8179029047588898 0.8781205946774072
