# Created by Octave 3.8.1, Fri Apr 29 19:42:54 2016 IST <jayraj@jayrajdesktop>
# name: datalog
# type: matrix
# rows: 961
# columns: 8
 -5 -30 0 0 218 NaN 0 NaN
 -5 -29 0 0 218 NaN 0 NaN
 -5 -28 0 0 218 NaN 0 NaN
 -5 -27 0 0 218 NaN 0 NaN
 -5 -26 0 0 218 NaN 0 NaN
 -5 -25 0 0 218 NaN 0 NaN
 -5 -24 0 0 218 NaN 0 NaN
 -5 -23 0 0 218 NaN 0 NaN
 -5 -22 0 0 218 NaN 0 NaN
 -5 -21 0 0 218 NaN 0 NaN
 -5 -20 39 0 179 1 0.1838466137443119 0.3056378629465434
 -5 -19 102 10 116 0.9095581763773983 0.4734231241903876 0.6195294360811603
 -5 -18 122 13 96 0.9000582750582751 0.5580621339444869 0.6882439981642374
 -5 -17 118 15 100 0.8869683257918552 0.5389091130523355 0.6683159183370636
 -5 -16 101 4 117 0.9607287449392713 0.4636161025675092 0.6230620305620306
 -5 -15 62 0 156 1 0.2875332425460303 0.4455914472487821
 -5 -14 3 0 215 NaN 0.01714285714285714 NaN
 -5 -13 0 0 218 NaN 0 NaN
 -5 -12 0 0 218 NaN 0 NaN
 -5 -11 0 0 218 NaN 0 NaN
 -5 -10 0 0 218 NaN 0 NaN
 -5 -9 0 0 218 NaN 0 NaN
 -5 -8 0 0 218 NaN 0 NaN
 -5 -7 0 0 218 NaN 0 NaN
 -5 -6 0 0 218 NaN 0 NaN
 -5 -5 0 0 218 NaN 0 NaN
 -5 -4 0 0 218 NaN 0 NaN
 -5 -3 0 0 218 NaN 0 NaN
 -5 -2 0 0 218 NaN 0 NaN
 -5 -1 0 0 218 NaN 0 NaN
 -5 0 0 0 218 NaN 0 NaN
 -4 -30 0 0 218 NaN 0 NaN
 -4 -29 0 0 218 NaN 0 NaN
 -4 -28 0 0 218 NaN 0 NaN
 -4 -27 0 0 218 NaN 0 NaN
 -4 -26 0 0 218 NaN 0 NaN
 -4 -25 0 0 218 NaN 0 NaN
 -4 -24 0 0 218 NaN 0 NaN
 -4 -23 0 0 218 NaN 0 NaN
 -4 -22 0 0 218 NaN 0 NaN
 -4 -21 62 0 156 1 0.2848758317556271 0.4386037134001384
 -4 -20 111 11 107 0.9091630434782608 0.5114480574838631 0.6513671398267942
 -4 -19 125 13 93 0.9043834422657951 0.5749951838442887 0.7005253521514091
 -4 -18 128 18 90 0.8734291889464304 0.5856888209829386 0.6994574914572094
 -4 -17 129 16 89 0.8877149032321446 0.5902342755283932 0.7071257230691029
 -4 -16 118 14 100 0.8949292929292929 0.5407018301391704 0.6716819628565249
 -4 -15 107 3 111 0.9715399610136451 0.4908408897155701 0.6511708551260791
 -4 -14 84 3 134 0.9633333333333333 0.3854791244561065 0.5503620310038347
 -4 -13 39 0 179 1 0.1840685997719246 0.3076253884128855
 -4 -12 0 0 218 NaN 0 NaN
 -4 -11 0 0 218 NaN 0 NaN
 -4 -10 0 0 218 NaN 0 NaN
 -4 -9 0 0 218 NaN 0 NaN
 -4 -8 0 0 218 NaN 0 NaN
 -4 -7 0 0 218 NaN 0 NaN
 -4 -6 0 0 218 NaN 0 NaN
 -4 -5 0 0 218 NaN 0 NaN
 -4 -4 0 0 218 NaN 0 NaN
 -4 -3 0 0 218 NaN 0 NaN
 -4 -2 0 0 218 NaN 0 NaN
 -4 -1 0 0 218 NaN 0 NaN
 -4 0 0 0 218 NaN 0 NaN
 -3 -30 0 0 218 NaN 0 NaN
 -3 -29 0 0 218 NaN 0 NaN
 -3 -28 0 0 218 NaN 0 NaN
 -3 -27 0 0 218 NaN 0 NaN
 -3 -26 0 0 218 NaN 0 NaN
 -3 -25 0 0 218 NaN 0 NaN
 -3 -24 0 0 218 NaN 0 NaN
 -3 -23 0 0 218 NaN 0 NaN
 -3 -22 64 1 154 0.9857142857142858 0.2945116860973638 0.4477299037843896
 -3 -21 107 11 111 0.9048968775374622 0.490383631713555 0.634198311227798
 -3 -20 125 13 93 0.9049450549450549 0.5747853766012334 0.6998519792314891
 -3 -19 134 19 84 0.8743615005683971 0.6136440030557677 0.7179639804639805
 -3 -18 139 19 79 0.8784936804376532 0.6393516457966586 0.7369674682588334
 -3 -17 143 21 75 0.8687742142914556 0.6553454899746459 0.7453826173826175
 -3 -16 135 17 83 0.8833620924277209 0.6164878599661208 0.7251917209845423
 -3 -15 125 6 93 0.9524678220330394 0.5722434428316781 0.7133932193567082
 -3 -14 114 6 104 0.9477188328912467 0.5214301214556969 0.6715380317663022
 -3 -13 95 4 123 0.9579710144927537 0.4363968512306108 0.5986587241532464
 -3 -12 58 2 160 0.9703296703296704 0.2699564885242635 0.4201617250673854
 -3 -11 1 0 217 NaN 0.004761904761904761 NaN
 -3 -10 0 0 218 NaN 0 NaN
 -3 -9 0 0 218 NaN 0 NaN
 -3 -8 0 0 218 NaN 0 NaN
 -3 -7 0 0 218 NaN 0 NaN
 -3 -6 0 0 218 NaN 0 NaN
 -3 -5 0 0 218 NaN 0 NaN
 -3 -4 0 0 218 NaN 0 NaN
 -3 -3 0 0 218 NaN 0 NaN
 -3 -2 0 0 218 NaN 0 NaN
 -3 -1 0 0 218 NaN 0 NaN
 -3 0 0 0 218 NaN 0 NaN
 -2 -30 0 0 218 NaN 0 NaN
 -2 -29 0 0 218 NaN 0 NaN
 -2 -28 0 0 218 NaN 0 NaN
 -2 -27 0 0 218 NaN 0 NaN
 -2 -26 0 0 218 NaN 0 NaN
 -2 -25 0 0 218 NaN 0 NaN
 -2 -24 0 0 218 NaN 0 NaN
 -2 -23 57 3 161 0.9642857142857142 0.2614870295944465 0.4020137122390658
 -2 -22 102 11 116 0.9072933280170122 0.4680449729298834 0.6145691351263641
 -2 -21 124 12 94 0.9111851851851851 0.5700234718393287 0.698612458476644
 -2 -20 134 16 84 0.8932885632885632 0.6154367201426025 0.725843952604516
 -2 -19 139 19 79 0.8792831541218638 0.6385113096622048 0.7365545043627236
 -2 -18 148 23 70 0.8624246771879485 0.6780126437926949 0.7570839693453172
 -2 -17 147 19 71 0.8837529504327302 0.672836660355842 0.7619007243278976
 -2 -16 145 15 73 0.9038455426664547 0.6621506626365961 0.7622712782068757
 -2 -15 139 7 79 0.9499049394221808 0.6357783904075464 0.7602848083380593
 -2 -14 129 6 89 0.953901098901099 0.5899510634293244 0.7274614934823077
 -2 -13 118 6 100 0.9486363636363636 0.5393475492963983 0.6870781086691895
 -2 -12 99 4 119 0.960421052631579 0.454104471828257 0.6157136079037607
 -2 -11 63 3 155 0.9571428571428571 0.2921096976339943 0.4458956916099773
 -2 -10 14 0 204 1 0.06629222439964129 0.1220292968520138
 -2 -9 4 0 214 NaN 0.01757675402176681 NaN
 -2 -8 0 0 218 NaN 0 NaN
 -2 -7 0 0 218 NaN 0 NaN
 -2 -6 0 0 218 NaN 0 NaN
 -2 -5 0 0 218 NaN 0 NaN
 -2 -4 0 0 218 NaN 0 NaN
 -2 -3 0 0 218 NaN 0 NaN
 -2 -2 0 0 218 NaN 0 NaN
 -2 -1 0 0 218 NaN 0 NaN
 -2 0 0 0 218 NaN 0 NaN
 -1 -30 0 0 218 NaN 0 NaN
 -1 -29 0 0 218 NaN 0 NaN
 -1 -28 0 0 218 NaN 0 NaN
 -1 -27 0 0 218 NaN 0 NaN
 -1 -26 0 0 218 NaN 0 NaN
 -1 -25 1 2 217 NaN 0.005714285714285714 NaN
 -1 -24 50 5 168 0.927008547008547 0.2265509682133723 0.3539169411817561
 -1 -23 98 13 120 0.9001756697408873 0.4495158379557356 0.5935778816029876
 -1 -22 121 12 97 0.9113062058714233 0.5569921723630162 0.688691596375292
 -1 -21 134 16 84 0.8930240130240129 0.6166055513114337 0.7265593561368209
 -1 -20 137 19 81 0.8783105634941007 0.6300442864892993 0.7304621558046215
 -1 -19 146 21 72 0.8733134920634921 0.6706834512461111 0.7546074456604466
 -1 -18 148 22 70 0.8684157240608853 0.6775985651177467 0.7593744949546586
 -1 -17 149 17 69 0.8953513824884792 0.6811060550702495 0.7719144296563651
 -1 -16 146 10 72 0.9340698466097962 0.6664984887235527 0.7758177475874966
 -1 -15 144 7 74 0.9515955117679255 0.6585575890435225 0.776208572691118
 -1 -14 141 8 77 0.9437826989551128 0.6454264235338404 0.7653708978675838
 -1 -13 136 6 82 0.9559829059829059 0.62193775533929 0.7521634387640439
 -1 -12 122 5 96 0.9597701149425287 0.5600956588168865 0.7062533579451321
 -1 -11 98 7 120 0.9350915750915751 0.4495590172828024 0.6053642414932738
 -1 -10 69 4 149 0.9514705882352942 0.320491137166329 0.4766596116837197
 -1 -9 17 2 201 0.9099999999999999 0.07890944520100532 0.1413420004266485
 -1 -8 12 0 206 1 0.05759657222572824 0.1073034064958713
 -1 -7 3 0 215 NaN 0.01365518539431583 NaN
 -1 -6 0 0 218 NaN 0 NaN
 -1 -5 0 0 218 NaN 0 NaN
 -1 -4 0 0 218 NaN 0 NaN
 -1 -3 0 0 218 NaN 0 NaN
 -1 -2 0 0 218 NaN 0 NaN
 -1 -1 0 0 218 NaN 0 NaN
 -1 0 0 0 218 NaN 0 NaN
 0 -30 0 0 218 NaN 0 NaN
 0 -29 0 0 218 NaN 0 NaN
 0 -28 0 0 218 NaN 0 NaN
 0 -27 0 0 218 NaN 0 NaN
 0 -26 1 2 217 NaN 0.005714285714285714 NaN
 0 -25 44 9 174 0.8788461538461538 0.2001786959843225 0.3148767911322647
 0 -24 95 13 123 0.8987240829346093 0.4362747312363681 0.5789484840332297
 0 -23 117 15 101 0.891090354344359 0.5376227012544148 0.6671377143500539
 0 -22 130 14 88 0.9011751172803804 0.5981884611552131 0.7160857424357672
 0 -21 135 20 83 0.872641117997069 0.62073692718194 0.7217308662996488
 0 -20 142 23 76 0.8611526853904902 0.6535329546838499 0.7390703422736348
 0 -19 148 22 70 0.8696645021645022 0.6789650247450758 0.7598330170777989
 0 -18 148 21 70 0.874338897224306 0.676758228983293 0.7606415202985544
 0 -17 147 15 71 0.9105763980179997 0.6722127744378384 0.7700335280824533
 0 -16 147 9 71 0.9416888942288437 0.6733816056066695 0.7831107548805039
 0 -15 143 8 75 0.9451181002905141 0.6546360204160715 0.7712111328549685
 0 -14 146 8 72 0.9456107111279526 0.6680935773518895 0.7814738415270924
 0 -13 146 9 72 0.9398671196224033 0.6693413491878966 0.7804157063593683
