# Created by Octave 3.8.1, Sun May 01 10:39:17 2016 IST <jayraj@jayrajdesktop>
# name: datalog
# type: matrix
# rows: 961
# columns: 10
 -5 -30 0 0 218 NaN 0 NaN NaN -1.000360820625419
 -5 -29 0 0 218 NaN 0 NaN NaN -1.000332460553208
 -5 -28 0 0 218 NaN 0 NaN NaN -1.000877927066897
 -5 -27 0 0 218 NaN 0 NaN NaN -1.001966588555889
 -5 -26 0 0 218 NaN 0 NaN NaN -1.003893250208196
 -5 -25 0 0 218 NaN 0 NaN NaN -1.008020321233814
 -5 -24 0 0 218 NaN 0 NaN NaN -1.017516419639418
 -5 -23 0 0 218 NaN 0 NaN NaN -1.038372241895348
 -5 -22 0 0 218 NaN 0 NaN NaN -1.077795542228044
 -5 -21 0 0 218 NaN 0 NaN NaN -1.134012563671819
 -5 -20 39 0 179 1 0.179620632148438 0.3034117077890663 0.1271461950041178 -1.174082652298493
 -5 -19 101 10 117 0.9025894027999291 0.4627379529806223 0.608712862194058 0.4594983218693234 -1.11324064646275
 -5 -18 121 12 97 0.9097171637506308 0.5554830407206544 0.6876117216117216 0.5732681486304999 -1.078714426323181
 -5 -17 120 12 98 0.9089681426567822 0.5505285412262156 0.6840322052981539 0.5505651084423049 -1.029891562211803
 -5 -16 103 2 115 0.981140350877193 0.4726758411793801 0.6366193744456102 0.5353892862821518 -1.009733075625519
 -5 -15 65 0 153 1 0.2992620120021535 0.4579038505354295 0.2598132871342598 -0.998237560529069
 -5 -14 0 0 218 NaN 0 NaN NaN -0.9898022140599652
 -5 -13 0 0 218 NaN 0 NaN NaN -0.993693042884902
 -5 -12 0 0 218 NaN 0 NaN NaN -0.9959818966113859
 -5 -11 0 0 218 NaN 0 NaN NaN -0.9976857103162244
 -5 -10 0 0 218 NaN 0 NaN NaN -0.9985021995319541
 -5 -9 0 0 218 NaN 0 NaN NaN -0.9989106596266556
 -5 -8 0 0 218 NaN 0 NaN NaN -0.9991124863483792
 -5 -7 0 0 218 NaN 0 NaN NaN -0.9991734299135568
 -5 -6 0 0 218 NaN 0 NaN NaN -0.9991865395633963
 -5 -5 0 0 218 NaN 0 NaN NaN -0.9991928717585289
 -5 -4 0 0 218 NaN 0 NaN NaN -0.9990762393817507
 -5 -3 0 0 218 NaN 0 NaN NaN -0.9990611065870085
 -5 -2 0 0 218 NaN 0 NaN NaN -0.9990888442792171
 -5 -1 0 0 218 NaN 0 NaN NaN -0.9990872193169086
 -5 0 0 0 218 NaN 0 NaN NaN -0.9990832424992062
 -4 -30 0 0 218 NaN 0 NaN NaN -1.000350035526391
 -4 -29 0 0 218 NaN 0 NaN NaN -1.000858733030852
 -4 -28 0 0 218 NaN 0 NaN NaN -1.001937813000075
 -4 -27 0 0 218 NaN 0 NaN NaN -1.003737127542877
 -4 -26 0 0 218 NaN 0 NaN NaN -1.007650838886395
 -4 -25 0 0 218 NaN 0 NaN NaN -1.016061872271089
 -4 -24 0 0 218 NaN 0 NaN NaN -1.034962750926885
 -4 -23 0 0 218 NaN 0 NaN NaN -1.077376079741807
 -4 -22 0 0 218 NaN 0 NaN NaN -1.155518823961282
 -4 -21 58 0 160 1 0.2652489068060352 0.4179646953120871 0.2151490175776845 -1.27998139855164
 -4 -20 110 10 108 0.9071717755928284 0.5026726896292113 0.6433453183836393 0.5250185632961888 -1.335795816707786
 -4 -19 125 14 93 0.8986787580235855 0.5727686368232374 0.6978743831685008 0.629983935688069 -1.177093974602922
 -4 -18 127 17 91 0.8821845458953357 0.5821817043758399 0.6999385801773861 0.6959826773909215 -1.099900731029252
 -4 -17 129 15 89 0.8966094771241829 0.5919849951194743 0.7104958603040795 0.7014001619943909 -1.036813813102549
 -4 -16 118 11 100 0.9147680433287629 0.5415483741065137 0.6794210203799246 0.6879458670958745 -1.015929772462859
 -4 -15 105 3 113 0.973974358974359 0.4821808289452375 0.6423871357942409 0.688526811020625 -1.004753166258182
 -4 -14 87 2 131 0.9787114845938376 0.3996769661077043 0.5661452874115395 0.5171840000121456 -0.9979553828274688
 -4 -13 37 0 181 1 0.1701394998664968 0.2874556586045948 0.08759923030668146 -0.9927264660043656
 -4 -12 0 0 218 NaN 0 NaN NaN -0.9919700674741534
 -4 -11 0 0 218 NaN 0 NaN NaN -0.9953150177341683
 -4 -10 0 0 218 NaN 0 NaN NaN -0.9970334622490894
 -4 -9 0 0 218 NaN 0 NaN NaN -0.9979194170215921
 -4 -8 0 0 218 NaN 0 NaN NaN -0.9982754786555506
 -4 -7 0 0 218 NaN 0 NaN NaN -0.9984235440322567
 -4 -6 0 0 218 NaN 0 NaN NaN -0.9984921848941358
 -4 -5 0 0 218 NaN 0 NaN NaN -0.9984278668202633
 -4 -4 0 0 218 NaN 0 NaN NaN -0.998324029918028
 -4 -3 0 0 218 NaN 0 NaN NaN -0.9982528731522018
 -4 -2 0 0 218 NaN 0 NaN NaN -0.9981822900017601
 -4 -1 0 0 218 NaN 0 NaN NaN -0.9981675644858233
 -4 0 0 0 218 NaN 0 NaN NaN -0.9981593930529706
 -3 -30 0 0 218 NaN 0 NaN NaN -1.000928386839775
 -3 -29 0 0 218 NaN 0 NaN NaN -1.001953419166481
 -3 -28 0 0 218 NaN 0 NaN NaN -1.003685533096934
 -3 -27 0 0 218 NaN 0 NaN NaN -1.007525433765214
 -3 -26 0 0 218 NaN 0 NaN NaN -1.015131172796531
 -3 -25 0 0 218 NaN 0 NaN NaN -1.032478439366761
 -3 -24 0 0 218 NaN 0 NaN NaN -1.070546454106144
 -3 -23 0 0 218 NaN 0 NaN NaN -1.154967156840418
 -3 -22 60 2 158 0.9666666666666668 0.2743586376548965 0.4264778564964151 0.2551575384041664 -1.324201744754098
 -3 -21 108 11 110 0.8963809095388042 0.4935629587803501 0.6333077488131705 0.5629506678278151 -1.480025466707304
 -3 -20 129 12 89 0.9116397911466103 0.5900491991998564 0.7149230769230769 0.6811146480563876 -1.442330822005157
 -3 -19 131 16 87 0.8916778410288847 0.6001796821311484 0.7159238618468783 0.7951824315396477 -1.235075410531953
 -3 -18 138 18 80 0.8849610389610388 0.6319197317680635 0.7343592338765209 0.8322756627391857 -1.115668220009822
 -3 -17 139 18 79 0.8879976035148449 0.638121501013311 0.7393676690554327 0.8339697681156716 -1.037566257050085
 -3 -16 138 14 80 0.9078240533412947 0.6335760464678564 0.7445008724342502 0.7721276315601676 -1.025310342739598
 -3 -15 126 6 92 0.9575661375661376 0.5783825544189549 0.7190077024312392 0.7674830937020176 -1.010661703853551
 -3 -14 112 5 106 0.9597938808373592 0.5145752629574671 0.6672480037853445 0.7250107004592664 -1.001268291526024
 -3 -13 94 4 124 0.9593650793650795 0.4319606581487269 0.5950093622224769 0.6282874613204072 -0.9981255529724173
 -3 -12 54 2 164 0.961111111111111 0.24912369396697 0.3909988607883345 0.2027827538456509 -0.9929209614628238
 -3 -11 0 0 218 NaN 0 NaN NaN -0.9906042955185675
 -3 -10 0 0 218 NaN 0 NaN NaN -0.9941069454360891
 -3 -9 0 0 218 NaN 0 NaN NaN -0.9958587643854269
 -3 -8 0 0 218 NaN 0 NaN NaN -0.9965927968368586
 -3 -7 0 0 218 NaN 0 NaN NaN -0.9969181017175194
 -3 -6 0 0 218 NaN 0 NaN NaN -0.9970412119284978
 -3 -5 0 0 218 NaN 0 NaN NaN -0.9968956249756886
 -3 -4 0 0 218 NaN 0 NaN NaN -0.9966960822177642
 -3 -3 0 0 218 NaN 0 NaN NaN -0.9965027881815136
 -3 -2 0 0 218 NaN 0 NaN NaN -0.9963751913633658
 -3 -1 0 0 218 NaN 0 NaN NaN -0.9963005059801325
 -3 0 0 0 218 NaN 0 NaN NaN -0.9962862001582634
 -2 -30 0 0 218 NaN 0 NaN NaN -1.001954943202719
 -2 -29 0 0 218 NaN 0 NaN NaN -1.003766501951691
 -2 -28 0 0 218 NaN 0 NaN NaN -1.007265654232606
 -2 -27 0 0 218 NaN 0 NaN NaN -1.015041315608826
 -2 -26 0 0 218 NaN 0 NaN NaN -1.030882385097229
 -2 -25 0 0 218 NaN 0 NaN NaN -1.064593056400087
 -2 -24 0 1 218 NaN 0 NaN NaN -1.141424162774617
 -2 -23 54 5 164 0.9203296703296704 0.2469475923469857 0.3875070028011204 0.2491020334205001 -1.319801223177217
 -2 -22 101 12 117 0.8823472823472824 0.4613169102552318 0.6018507369472536 0.5635434347116606 -1.539935783822772
 -2 -21 125 11 93 0.915811163252765 0.5718485592600862 0.702790565518474 0.732262039003835 -1.634123667190768
 -2 -20 134 15 84 0.898267973856209 0.6128090817170696 0.7265581906677797 0.8636798640344668 -1.538120114971538
 -2 -19 136 18 82 0.883495119259825 0.6227231144319111 0.7281277649235329 0.9541297952247619 -1.258977979570433
 -2 -18 145 21 73 0.8742428142428142 0.6645117942387913 0.7533626512945464 0.9790795805772902 -1.120051088391104
 -2 -17 145 19 73 0.8849206349206348 0.6649258729137395 0.7579675775450422 0.9767162380887857 -1.035297053478744
 -2 -16 141 12 77 0.9226206233102785 0.6473369401074154 0.7590897389667787 0.9020358377142006 -1.034019186371178
 -2 -15 135 7 83 0.9539071190211346 0.6198390083122135 0.7492338387899029 0.8614271710682881 -1.014156885037538
 -2 -14 133 8 85 0.9474972191323692 0.6103390542723203 0.740842085450781 0.7762728616465255 -1.00629148385122
 -2 -13 120 8 98 0.9406228509676785 0.5517127799736495 0.6910573574440629 0.7412697145088043 -1.001729674585156
 -2 -12 94 4 124 0.963913043478261 0.431681176928902 0.5925088914443023 0.7300211912645533 -0.9955213346226801
