# Created by Octave 3.8.1, Fri Apr 29 16:33:43 2016 IST <jayraj@jayrajdesktop>
# name: datalog
# type: matrix
# rows: 441
# columns: 8
 -5 -20 41 0 177 1 0.192046783625731 0.3169523809523809
 -5 -19 98 10 120 0.924129768866611 0.4538700918964077 0.5983677108873494
 -5 -18 119 13 99 0.910872373156856 0.5474812030075188 0.6791129740905861
 -5 -17 118 14 100 0.9039771588859947 0.5427589807852966 0.6738572105121788
 -5 -16 104 6 114 0.9535384615384614 0.4781453634085214 0.6324312932622167
 -5 -15 66 0 152 1 0.3038575605680869 0.4647987590782764
 -5 -14 2 0 216 NaN 0.01052631578947368 NaN
 -5 -13 0 0 218 NaN 0 NaN
 -5 -12 0 0 218 NaN 0 NaN
 -5 -11 0 0 218 NaN 0 NaN
 -5 -10 0 0 218 NaN 0 NaN
 -5 -9 0 0 218 NaN 0 NaN
 -5 -8 0 0 218 NaN 0 NaN
 -5 -7 0 0 218 NaN 0 NaN
 -5 -6 0 0 218 NaN 0 NaN
 -5 -5 0 0 218 NaN 0 NaN
 -5 -4 0 0 218 NaN 0 NaN
 -5 -3 0 0 218 NaN 0 NaN
 -5 -2 0 0 218 NaN 0 NaN
 -5 -1 0 0 218 NaN 0 NaN
 -5 0 0 0 218 NaN 0 NaN
 -4 -20 109 10 109 0.9276085982982533 0.504515455304929 0.6463685486462014
 -4 -19 124 13 94 0.9158357771260999 0.5711027568922307 0.6976690916128738
 -4 -18 128 17 90 0.8914215686274509 0.5875062656641605 0.7030529936033514
 -4 -17 127 15 91 0.9023333333333333 0.5833395989974937 0.7042823842823842
 -4 -16 116 13 102 0.9073142000428357 0.532733918128655 0.6677004940942685
 -4 -15 108 4 110 0.9678571428571429 0.4954072681704261 0.6521345886710912
 -4 -14 86 3 132 0.967251461988304 0.3950835421888054 0.5597659011793771
 -4 -13 36 0 182 1 0.1670112781954887 0.2827852998065764
 -4 -12 0 0 218 NaN 0 NaN
 -4 -11 0 0 218 NaN 0 NaN
 -4 -10 0 0 218 NaN 0 NaN
 -4 -9 0 0 218 NaN 0 NaN
 -4 -8 0 0 218 NaN 0 NaN
 -4 -7 0 0 218 NaN 0 NaN
 -4 -6 0 0 218 NaN 0 NaN
 -4 -5 0 0 218 NaN 0 NaN
 -4 -4 0 0 218 NaN 0 NaN
 -4 -3 0 0 218 NaN 0 NaN
 -4 -2 0 0 218 NaN 0 NaN
 -4 -1 0 0 218 NaN 0 NaN
 -4 0 0 0 218 NaN 0 NaN
 -3 -20 125 12 93 0.9206989247311828 0.5763659147869674 0.704543800974007
 -3 -19 135 19 83 0.8839332399626517 0.6212071846282372 0.725718954248366
 -3 -18 137 18 81 0.8908199643493762 0.6295008354218881 0.7337708969106774
 -3 -17 143 20 75 0.8845381201482407 0.6565246449456975 0.7498424615411221
 -3 -16 138 16 80 0.9010497128144186 0.6326649958228906 0.7405453211601973
 -3 -15 126 6 92 0.9578341013824885 0.5777986633249791 0.7181252527566748
 -3 -14 116 4 102 0.9660606060606061 0.5297222222222222 0.6831425011476162
 -3 -13 97 3 121 0.9690821256038646 0.4434962406015037 0.6079038202046936
 -3 -12 55 2 163 0.9664335664335665 0.2527903091060986 0.4004829027187739
 -3 -11 1 0 217 NaN 0.004444444444444444 NaN
 -3 -10 0 0 218 NaN 0 NaN
 -3 -9 0 0 218 NaN 0 NaN
 -3 -8 0 0 218 NaN 0 NaN
 -3 -7 0 0 218 NaN 0 NaN
 -3 -6 0 0 218 NaN 0 NaN
 -3 -5 0 0 218 NaN 0 NaN
 -3 -4 0 0 218 NaN 0 NaN
 -3 -3 0 0 218 NaN 0 NaN
 -3 -2 0 0 218 NaN 0 NaN
 -3 -1 0 0 218 NaN 0 NaN
 -3 0 0 0 218 NaN 0 NaN
 -2 -20 135 16 83 0.901466033966034 0.6217084377610693 0.7315776750052554
 -2 -19 137 19 81 0.8870238095238095 0.6305973266499582 0.7323333863407469
 -2 -18 148 22 70 0.8783333333333333 0.6796052631578948 0.762382920735862
 -2 -17 148 16 70 0.9082703886152161 0.679327485380117 0.7737720049366636
 -2 -16 144 16 74 0.9051984931903796 0.6621052631578948 0.7618874465782228
 -2 -15 139 8 79 0.947209653092006 0.6387468671679197 0.7610722136658346
 -2 -14 132 7 86 0.9503102918586791 0.6059189640768589 0.738416534784568
 -2 -13 115 6 103 0.9490475042199181 0.5244193817878029 0.6744623087242055
 -2 -12 99 4 119 0.959079283887468 0.4518838763575606 0.613789619350712
 -2 -11 67 4 151 0.9449660633484165 0.306109022556391 0.4611844384173509
 -2 -10 13 0 205 1 0.05862155388471178 0.1097458941708606
 -2 -9 4 0 214 NaN 0.01781746031746032 NaN
 -2 -8 0 0 218 NaN 0 NaN
 -2 -7 0 0 218 NaN 0 NaN
 -2 -6 0 0 218 NaN 0 NaN
 -2 -5 0 0 218 NaN 0 NaN
 -2 -4 0 0 218 NaN 0 NaN
 -2 -3 0 0 218 NaN 0 NaN
 -2 -2 0 0 218 NaN 0 NaN
 -2 -1 0 0 218 NaN 0 NaN
 -2 0 0 0 218 NaN 0 NaN
 -1 -20 138 19 80 0.8901287942077415 0.6350417710944025 0.7354854160730703
 -1 -19 145 20 73 0.888939393939394 0.6659147869674185 0.7562059314216177
 -1 -18 149 19 69 0.8935164835164835 0.6837719298245614 0.7709442247755501
 -1 -17 148 18 70 0.8973180076628353 0.6796449456975773 0.7702633552398812
 -1 -16 146 16 72 0.9085714285714286 0.6707163742690059 0.7679272960037113
 -1 -15 145 12 73 0.9265469824293355 0.6668671679197995 0.7733818780476944
 -1 -14 144 8 74 0.9478761755485893 0.6612865497076024 0.7781613750241202
 -1 -13 133 7 85 0.9496147983355993 0.6098621553884712 0.7421741679820608
 -1 -12 117 8 101 0.9354484225451968 0.5333479532163743 0.6782590127045618
 -1 -11 99 8 119 0.9282186412621195 0.4524248120300752 0.6075125847031028
 -1 -10 66 7 152 0.9083020050125313 0.3008855472013366 0.4509075259066343
 -1 -9 18 5 200 0.7849999999999999 0.08006474519632414 0.1429549274255157
 -1 -8 8 1 210 NaN 0.03503968253968254 NaN
 -1 -7 3 0 215 NaN 0.01365079365079365 NaN
 -1 -6 0 0 218 NaN 0 NaN
 -1 -5 0 0 218 NaN 0 NaN
 -1 -4 0 0 218 NaN 0 NaN
 -1 -3 0 0 218 NaN 0 NaN
 -1 -2 0 0 218 NaN 0 NaN
 -1 -1 0 0 218 NaN 0 NaN
 -1 0 0 0 218 NaN 0 NaN
 0 -20 146 20 72 0.8880034333482609 0.6706766917293232 0.7594964151826897
 0 -19 150 20 68 0.8873269109132487 0.6888116123642439 0.7725439450086433
 0 -18 148 18 70 0.8985199485199485 0.679327485380117 0.7703542131611483
 0 -17 148 18 70 0.8970913770913771 0.6799227234753551 0.7709144772763614
 0 -16 148 14 70 0.9176046176046176 0.6799227234753551 0.7786057117268127
 0 -15 147 9 71 0.9434110786593939 0.6757560568086883 0.7863252921218956
 0 -14 147 9 71 0.9433684252343875 0.6754782790309106 0.786133672594396
 0 -13 143 10 75 0.9345477545857053 0.6565643274853802 0.7705483651740542
 0 -12 137 12 81 0.9221839080459769 0.6284983291562238 0.7464814503942181
 0 -11 123 8 95 0.9394669698117974 0.5626587301587301 0.7033198454953371
 0 -10 99 11 119 0.9038461538461539 0.4507873851294904 0.599344623251543
 0 -9 63 9 155 0.8744281045751634 0.2853738512949039 0.4280556842659524
 0 -8 28 7 190 0.6883333333333332 0.1246825396825397 NaN
 0 -7 16 2 202 NaN 0.07095238095238095 NaN
 0 -6 4 1 214 NaN 0.01753968253968254 NaN
 0 -5 1 0 217 NaN 0.004444444444444444 NaN
 0 -4 0 0 218 NaN 0 NaN
 0 -3 0 0 218 NaN 0 NaN
 0 -2 0 0 218 NaN 0 NaN
 0 -1 0 0 218 NaN 0 NaN
 0 0 0 0 218 NaN 0 NaN
 1 -20 149 22 69 0.8786784445557065 0.6843274853801169 0.7656461438999178
 1 -19 149 19 69 0.8926606839679845 0.6834544695071011 0.7709355283356552
 1 -18 150 20 68 0.8866601988843076 0.6891290726817043 0.7733940810104152
 1 -17 149 18 69 0.8970288022012159 0.6843671679197996 0.7736480860603814
 1 -16 150 12 68 0.9268452380952381 0.6888116123642439 0.7890996366418054
 1 -15 149 8 69 0.9497835497835497 0.6843671679197996 0.7948809813212445
 1 -14 148 7 70 0.9549630308185566 0.6802401837928154 0.7934101037466555
 1 -13 149 12 69 0.9256315458734814 0.6838659147869673 0.7861177586164491
 1 -12 147 14 71 0.9119889598067967 0.6756265664160401 0.7754423948613329
 1 -11 131 19 87 0.8748803352758727 0.6015288220551378 0.7120891552482086
 1 -10 120 21 98 0.8526435633332184 0.5506996658312449 0.6684020161054811
 1 -9 82 21 136 0.7998585858585858 0.3751670843776106 0.5098534798534798
 1 -8 51 17 167 0.7284001670843776 0.2294256474519632 0.3458520353539594
 1 -7 32 8 186 0.7332467532467531 0.1432790309106099 0.2382436611008039
 1 -6 14 3 204 NaN 0.06238095238095238 NaN
 1 -5 5 0 213 NaN 0.02257936507936508 NaN
 1 -4 2 0 216 NaN 0.009206349206349208 NaN
 1 -3 0 0 218 NaN 0 NaN
 1 -2 0 0 218 NaN 0 NaN
 1 -1 0 0 218 NaN 0 NaN
 1 0 0 0 218 NaN 0 NaN
 2 -20 150 20 68 0.8866994738341987 0.6888116123642439 0.7728374561529114
 2 -19 150 19 68 0.8903325445260929 0.6885338345864661 0.7745558278977305
 2 -18 149 19 69 0.8908548179515922 0.6843671679197996 0.7719435523113668
 2 -17 150 14 68 0.9165277777777778 0.6888116123642439 0.7852310405643739
 2 -16 150 10 68 0.938095238095238 0.6888116123642439 0.7936374517678557
 2 -15 150 8 68 0.9495233166580416 0.6891290726817043 0.7978050411942246
