# Created by Octave 3.8.1, Thu May 05 15:38:39 2016 IST <jayraj@jayrajdesktop>
# name: datalog
# type: matrix
# rows: 874
# columns: 10
 -7 -20 0 0 563 NaN 0 NaN NaN -1.000025927097735
 -7 -19 0 0 563 NaN 0 NaN NaN -1.000051847421715
 -7 -18 0 0 563 NaN 0 NaN NaN -1.00010417435905
 -7 -17 0 0 563 NaN 0 NaN NaN -1.000207670485051
 -7 -16 0 0 563 NaN 0 NaN NaN -1.00043497586446
 -7 -15 0 0 563 NaN 0 NaN NaN -1.000893396747143
 -7 -14 0 0 563 NaN 0 NaN NaN -1.001563218851757
 -7 -13 0 0 563 NaN 0 NaN NaN -1.002915276838458
 -7 -12 0 0 563 NaN 0 NaN NaN -1.005632866688727
 -7 -11 0 0 563 NaN 0 NaN NaN -1.010842175978014
 -7 -10 0 0 563 NaN 0 NaN NaN -1.020429198802224
 -7 -9 0 0 563 NaN 0 NaN NaN -1.036407671766413
 -7 -8 0 0 563 NaN 0 NaN NaN -1.058350866578112
 -7 -7 0 0 563 NaN 0 NaN NaN -1.077209142458643
 -7 -6 0 0 563 NaN 0 NaN NaN -1.077308767941294
 -7 -5 0 0 563 NaN 0 NaN NaN -1.05513581745904
 -7 -4 0 0 563 NaN 0 NaN NaN -1.033175516521816
 -7 -3 0 0 563 NaN 0 NaN NaN -1.014161069968395
 -7 -2 0 0 563 NaN 0 NaN NaN -1.003138754365599
 -7 -1 0 0 563 NaN 0 NaN NaN -0.9997683715888639
 -7 0 0 0 563 NaN 0 NaN NaN -0.9992512574277933
 -7 1 0 0 563 NaN 0 NaN NaN -0.9992843118803757
 -7 2 0 0 563 NaN 0 NaN NaN -0.999057340544302
 -6 -20 0 0 563 NaN 0 NaN NaN -1.000051854195471
 -6 -19 0 0 563 NaN 0 NaN NaN -1.000103694843431
 -6 -18 0 0 563 NaN 0 NaN NaN -1.000208348718099
 -6 -17 0 0 563 NaN 0 NaN NaN -1.000437421117838
 -6 -16 0 0 563 NaN 0 NaN NaN -1.000894593888335
 -6 -15 0 0 563 NaN 0 NaN NaN -1.001608467446688
 -6 -14 0 0 563 NaN 0 NaN NaN -1.002916309360865
 -6 -13 0 0 563 NaN 0 NaN NaN -1.005699000068001
 -6 -12 0 0 563 NaN 0 NaN NaN -1.011146845351126
 -6 -11 0 0 563 NaN 0 NaN NaN -1.021545436092532
 -6 -10 0 0 563 NaN 0 NaN NaN -1.040726382996522
 -6 -9 0 0 563 NaN 0 NaN NaN -1.072852290044739
 -6 -8 0 0 563 NaN 0 NaN NaN -1.116630386803863
 -6 -7 0 0 563 NaN 0 NaN NaN -1.15441106612667
 -6 -6 98 0 465 1 0.1781458315823082 0.2994969797989702 0.1140084735356781 -1.16626999505147
 -6 -5 147 1 416 0.99375 0.2634353108213074 0.4154168789835422 0.2069364082523622 -1.128311779044526
 -6 -4 80 0 483 1 0.1435777932964833 0.2492567630690094 0.142134819097875 -1.075330343796846
 -6 -3 0 0 563 NaN 0 NaN NaN -1.028367918953176
 -6 -2 0 0 563 NaN 0 NaN NaN -1.00634052818139
 -6 -1 0 0 563 NaN 0 NaN NaN -0.9996873224274345
 -6 0 0 0 563 NaN 0 NaN NaN -0.9988541660267373
 -6 1 0 0 563 NaN 0 NaN NaN -0.9988091187948612
 -6 2 0 0 563 NaN 0 NaN NaN -0.9989576822310798
 -5 -20 0 0 563 NaN 0 NaN NaN -1.000103708390942
 -5 -19 0 0 563 NaN 0 NaN NaN -1.000207389686861
 -5 -18 0 0 563 NaN 0 NaN NaN -1.000438913352519
 -5 -17 0 0 563 NaN 0 NaN NaN -1.000894311849524
 -5 -16 0 0 563 NaN 0 NaN NaN -1.001593846652047
 -5 -15 0 0 563 NaN 0 NaN NaN -1.002947587758978
 -5 -14 0 0 563 NaN 0 NaN NaN -1.00575459415955
 -5 -13 0 0 563 NaN 0 NaN NaN -1.011336225930572
 -5 -12 0 0 563 NaN 0 NaN NaN -1.022172709236525
 -5 -11 0 0 563 NaN 0 NaN NaN -1.042802158632906
 -5 -10 0 0 563 NaN 0 NaN NaN -1.081158666573765
 -5 -9 0 0 563 NaN 0 NaN NaN -1.145575518476279
 -5 -8 16 0 547 1 0.02958622044245986 0.05704450055518016 0.03307703576758962 -1.235127305085844
 -5 -7 214 8 349 0.9641738295737161 0.3813223817402248 0.5458877273509557 0.3558516731670816 -1.343077696847143
 -5 -6 285 12 278 0.9605094180924212 0.5050535452125514 0.6612216862561259 0.5533958710725395 -1.336211635594191
 -5 -5 297 13 266 0.959810681808826 0.5266825116159956 0.6793419380420584 0.5959936260342552 -1.25301408952988
 -5 -4 265 4 298 0.984979242979243 0.4718914869433221 0.6374479300281858 0.5277836700162188 -1.171799312234183
 -5 -3 120 0 443 1 0.2127842025845414 0.3502938766027929 0.3617198856371407 -1.072556799389877
 -5 -2 2 0 561 NaN 0.003963893249607535 NaN NaN -1.012911407530044
 -5 -1 0 0 563 NaN 0 NaN NaN -0.9994448888141731
 -5 0 0 0 563 NaN 0 NaN NaN -0.9978694186711825
 -5 1 0 0 563 NaN 0 NaN NaN -0.9978601579332536
 -5 2 0 0 563 NaN 0 NaN NaN -0.9979688877306648
 -4 -20 0 0 563 NaN 0 NaN NaN -1.000207416781884
 -4 -19 0 0 563 NaN 0 NaN NaN -1.000435852257329
 -4 -18 0 0 563 NaN 0 NaN NaN -1.000894117694593
 -4 -17 0 0 563 NaN 0 NaN NaN -1.001572405025219
 -4 -16 0 0 563 NaN 0 NaN NaN -1.0029605662695
 -4 -15 0 0 563 NaN 0 NaN NaN -1.005773869378631
 -4 -14 0 0 563 NaN 0 NaN NaN -1.011303354289844
 -4 -13 0 0 563 NaN 0 NaN NaN -1.022408362714948
 -4 -12 0 0 563 NaN 0 NaN NaN -1.044454770254804
 -4 -11 0 0 563 NaN 0 NaN NaN -1.085872856941828
 -4 -10 0 0 563 NaN 0 NaN NaN -1.162382856466388
 -4 -9 45 0 518 1 0.08237982604634214 0.1510403056015931 0.07766242390408087 -1.296687147632364
 -4 -8 254 11 309 0.9595697252558848 0.4512359139448919 0.6135626355815386 0.4765900806063273 -1.500434451772318
 -4 -7 316 13 247 0.9618170943224958 0.5608627207913488 0.708136329544237 0.6299788124400272 -1.528731631845013
 -4 -6 357 16 206 0.9573633953964041 0.6341748976038077 0.7624458716839475 0.7041310698946017 -1.467336141548806
 -4 -5 403 15 160 0.9645963643983446 0.7159506420174968 0.8211092291401233 0.705684516107281 -1.372492806274545
 -4 -4 410 9 153 0.9787323408299017 0.7289534853627456 0.8348553383493373 0.6521955122452252 -1.2934747553912
 -4 -3 303 3 260 0.9904530976270106 0.539421995170273 0.6980411526348071 0.5409327509784383 -1.156342648893803
 -4 -2 91 0 472 1 0.1614473039100933 0.2777277471719046 0.4009169330533215 -1.037458220793913
 -4 -1 1 0 562 NaN 0.002040816326530612 NaN NaN -0.999022166651814
 -4 0 0 0 563 NaN 0 NaN NaN -0.9957633835810205
 -4 1 0 0 563 NaN 0 NaN NaN -0.995821666625071
 -4 2 0 0 563 NaN 0 NaN NaN -0.9959543662532304
 -3 -20 0 0 563 NaN 0 NaN NaN -1.000436533126402
 -3 -19 0 0 563 NaN 0 NaN NaN -1.000892859308572
 -3 -18 0 0 563 NaN 0 NaN NaN -1.001588046916265
 -3 -17 0 0 563 NaN 0 NaN NaN -1.002989501880552
 -3 -16 0 0 563 NaN 0 NaN NaN -1.005784867131241
 -3 -15 0 0 563 NaN 0 NaN NaN -1.011416049618496
 -3 -14 0 0 563 NaN 0 NaN NaN -1.022631621190162
 -3 -13 0 0 563 NaN 0 NaN NaN -1.044816555457064
 -3 -12 0 0 563 NaN 0 NaN NaN -1.088288236596535
 -3 -11 0 0 563 NaN 0 NaN NaN -1.171584829652693
 -3 -10 61 0 502 1 0.112452162405635 0.1990074001887226 0.1062059537123186 -1.332705751531656
 -3 -9 268 12 295 0.9581692249257351 0.4762139310717515 0.6358350014950466 0.5076017301665252 -1.591389058395939
 -3 -8 331 16 232 0.9542178354782662 0.5885063170595639 0.7274489589535394 0.6467060169546711 -1.675564457907042
 -3 -7 376 19 187 0.9519403057976156 0.667130849951855 0.7835516478401947 0.7567794317969528 -1.672791282790783
 -3 -6 413 20 150 0.9539119926630066 0.7322351356153728 0.8276503729315751 0.8320331097647227 -1.6085600906979
 -3 -5 449 18 114 0.9619148091559898 0.7962577252222649 0.8706343833615495 0.8400298326271519 -1.504563290198756
 -3 -4 489 10 74 0.9805518170288146 0.8678898968902355 0.9204775395905618 0.8077935583099747 -1.427662617042649
 -3 -3 465 7 98 0.9851469701537534 0.8279075366192249 0.8991126015713246 0.6828146559437508 -1.267140082943022
 -3 -2 246 2 317 0.9922820037105751 0.4378628736593727 0.6069007205201604 0.5471963090782501 -1.08990400135345
 -3 -1 47 0 516 1 0.08345490049194171 0.1538259822440102 0.3626637593680856 -1.003798984095662
 -3 0 0 0 563 NaN 0 NaN NaN -0.9915309374678039
 -3 1 0 0 563 NaN 0 NaN NaN -0.9916566933703855
 -3 2 0 0 563 NaN 0 NaN NaN -0.99193784384753
 -2 -20 0 0 563 NaN 0 NaN NaN -1.000893050088016
 -2 -19 0 0 563 NaN 0 NaN NaN -1.001576341296052
 -2 -18 0 0 563 NaN 0 NaN NaN -1.002999840325996
 -2 -17 0 0 563 NaN 0 NaN NaN -1.005803589994234
 -2 -16 0 0 563 NaN 0 NaN NaN -1.011374370786034
 -2 -15 0 0 563 NaN 0 NaN NaN -1.022602441664136
 -2 -14 0 0 563 NaN 0 NaN NaN -1.045011604686844
 -2 -13 0 0 563 NaN 0 NaN NaN -1.089428982480352
 -2 -12 0 0 563 NaN 0 NaN NaN -1.17634989288023
 -2 -11 69 0 494 1 0.1260241321637143 0.2212527044007332 0.119098239962859 -1.352519150738685
 -2 -10 275 14 288 0.9532869432225874 0.4879290309915945 0.644836602722998 0.5205793265796204 -1.640315887251207
