# Created by Octave 3.8.1, Thu May 05 12:39:29 2016 IST <jayraj@jayrajdesktop>
# name: datalog
# type: matrix
# rows: 874
# columns: 10
 -7 -20 0 0 218 NaN 0 NaN NaN -1.000027405621613
 -7 -19 0 0 218 NaN 0 NaN NaN -1.000054698072441
 -7 -18 0 0 218 NaN 0 NaN NaN -1.000109381825611
 -7 -17 0 0 218 NaN 0 NaN NaN -1.000218682837204
 -7 -16 0 0 218 NaN 0 NaN NaN -1.000437094120203
 -7 -15 0 0 218 NaN 0 NaN NaN -1.000999436440695
 -7 -14 0 0 218 NaN 0 NaN NaN -1.001908303472352
 -7 -13 0 0 218 NaN 0 NaN NaN -1.003853857734111
 -7 -12 0 0 218 NaN 0 NaN NaN -1.007495020288676
 -7 -11 0 0 218 NaN 0 NaN NaN -1.014459523724502
 -7 -10 0 0 218 NaN 0 NaN NaN -1.027155421907
 -7 -9 0 0 218 NaN 0 NaN NaN -1.048006656365686
 -7 -8 0 0 218 NaN 0 NaN NaN -1.075227936263991
 -7 -7 0 0 218 NaN 0 NaN NaN -1.092588343746835
 -7 -6 0 0 218 NaN 0 NaN NaN -1.088952491627085
 -7 -5 0 0 218 NaN 0 NaN NaN -1.055744083160334
 -7 -4 0 0 218 NaN 0 NaN NaN -1.021513857694551
 -7 -3 0 0 218 NaN 0 NaN NaN -1.007345863026229
 -7 -2 0 0 218 NaN 0 NaN NaN -1.001506442622792
 -7 -1 0 0 218 NaN 0 NaN NaN -0.9998854029141958
 -7 0 0 0 218 NaN 0 NaN NaN -0.9995695173330545
 -7 1 0 0 218 NaN 0 NaN NaN -0.9992095662341672
 -7 2 0 0 218 NaN 0 NaN NaN -0.9990958335469493
 -6 -20 0 0 218 NaN 0 NaN NaN -1.000054811243223
 -6 -19 0 0 218 NaN 0 NaN NaN -1.000109396144882
 -6 -18 0 0 218 NaN 0 NaN NaN -1.000218763651224
 -6 -17 0 0 218 NaN 0 NaN NaN -1.000437365674406
 -6 -16 0 0 218 NaN 0 NaN NaN -1.001000965232724
 -6 -15 0 0 218 NaN 0 NaN NaN -1.001926685438685
 -6 -14 0 0 218 NaN 0 NaN NaN -1.003881085261677
 -6 -13 0 0 218 NaN 0 NaN NaN -1.007599010194824
 -6 -12 0 0 218 NaN 0 NaN NaN -1.014863863764084
 -6 -11 0 0 218 NaN 0 NaN NaN -1.028806476268785
 -6 -10 0 0 218 NaN 0 NaN NaN -1.054284164399699
 -6 -9 0 0 218 NaN 0 NaN NaN -1.096022195173189
 -6 -8 0 0 218 NaN 0 NaN NaN -1.150496436902395
 -6 -7 22 0 196 1 0.1060749673186288 0.1847123825185359 0.06963786456380558 -1.188795085487587
 -6 -6 135 0 83 1 0.621217953521678 0.76432445940758 0.2603443591352444 -1.204170922695711
 -6 -5 125 0 93 1 0.5749433384124764 0.7292673087405402 0.2747991414777068 -1.135056869327022
 -6 -4 26 0 192 1 0.1231835610621237 0.2140487620635147 0.04923302971206113 -1.046887928660185
 -6 -3 0 0 218 NaN 0 NaN NaN -1.014676662175302
 -6 -2 0 0 218 NaN 0 NaN NaN -1.003125192102442
 -6 -1 0 0 218 NaN 0 NaN NaN -1.000017396805745
 -6 0 0 0 218 NaN 0 NaN NaN -0.9993462211093664
 -6 1 0 0 218 NaN 0 NaN NaN -0.9994293502051372
 -6 2 0 0 218 NaN 0 NaN NaN -0.9991663438971147
 -5 -20 0 0 218 NaN 0 NaN NaN -1.000109622486448
 -5 -19 0 0 218 NaN 0 NaN NaN -1.000218792289764
 -5 -18 0 0 218 NaN 0 NaN NaN -1.000437527302446
 -5 -17 0 0 218 NaN 0 NaN NaN -1.001001632505176
 -5 -16 0 0 218 NaN 0 NaN NaN -1.001930241712732
 -5 -15 0 0 218 NaN 0 NaN NaN -1.003894798690157
 -5 -14 0 0 218 NaN 0 NaN NaN -1.007652847049455
 -5 -13 0 0 218 NaN 0 NaN NaN -1.015072622432369
 -5 -12 0 0 218 NaN 0 NaN NaN -1.029734582113778
 -5 -11 0 0 218 NaN 0 NaN NaN -1.057633336395334
 -5 -10 0 0 218 NaN 0 NaN NaN -1.108413475578141
 -5 -9 0 0 218 NaN 0 NaN NaN -1.192003382242041
 -5 -8 94 0 124 1 0.4338219302408846 0.6022965028923447 0.1401197872814614 -1.319199703488787
 -5 -7 172 0 46 1 0.78828071008085 0.8804159284208245 0.5867240643315441 -1.40196641122363
 -5 -6 180 0 38 1 0.824172078868267 0.9032415369748756 0.7162506492026832 -1.343046207203235
 -5 -5 185 0 33 1 0.8447078451943811 0.9147614480947814 0.6967072027960125 -1.236053167289668
 -5 -4 145 0 73 1 0.6653158019633801 0.7979576853959214 0.5711751680737835 -1.116572084841967
 -5 -3 39 0 179 1 0.1808697407971757 0.3024317773086246 0.1399046062331417 -1.03549837589823
 -5 -2 0 0 218 NaN 0 NaN NaN -1.006337241147865
 -5 -1 0 0 218 NaN 0 NaN NaN -1.00015806529647
 -5 0 0 0 218 NaN 0 NaN NaN -0.9990222577965975
 -5 1 0 0 218 NaN 0 NaN NaN -0.9989461607000342
 -5 2 0 0 218 NaN 0 NaN NaN -0.9990036469491462
 -4 -20 0 0 218 NaN 0 NaN NaN -1.000219244972895
 -4 -19 0 0 218 NaN 0 NaN NaN -1.000437584579527
 -4 -18 0 0 218 NaN 0 NaN NaN -1.001002020492669
 -4 -17 0 0 218 NaN 0 NaN NaN -1.001932021927938
 -4 -16 0 0 218 NaN 0 NaN NaN -1.003901705407346
 -4 -15 0 0 218 NaN 0 NaN NaN -1.007682131581506
 -4 -14 0 0 218 NaN 0 NaN NaN -1.01518382966394
 -4 -13 0 0 218 NaN 0 NaN NaN -1.03021731780761
 -4 -12 0 0 218 NaN 0 NaN NaN -1.059441948091491
 -4 -11 0 0 218 NaN 0 NaN NaN -1.115417499053999
 -4 -10 0 0 218 NaN 0 NaN NaN -1.217056224798503
 -4 -9 123 0 95 1 0.5680965078809981 0.7232909792909793 0.1994340385774294 -1.410605996993125
 -4 -8 175 0 43 1 0.8026255006286481 0.8893856899301547 0.6652999829706238 -1.582266318125107
 -4 -7 187 0 31 1 0.8559318354024598 0.9218491270848522 0.8070384826962652 -1.547366391536305
 -4 -6 196 0 22 1 0.8974359486756759 0.9448413479104018 0.8647830295027484 -1.454172226817048
 -4 -5 202 0 16 1 0.9238036536524035 0.9600561637837476 0.8612178008468661 -1.328815822767293
 -4 -4 196 0 22 1 0.896296243099443 0.944750612400143 0.7570246955706355 -1.189960112470063
 -4 -3 124 0 94 1 0.5697220001831822 0.7253766233766233 0.5185893258986303 -1.083316676386856
 -4 -2 15 0 203 1 0.06966598389661861 0.1294184929098793 0.1698176629313723 -1.015055273012618
 -4 -1 0 0 218 NaN 0 NaN NaN -1.000393466712405
 -4 0 0 0 218 NaN 0 NaN NaN -0.9981911451895031
 -4 1 0 0 218 NaN 0 NaN NaN -0.9980388902775313
 -4 2 0 0 218 NaN 0 NaN NaN -0.9981041754247137
 -3 -20 0 0 218 NaN 0 NaN NaN -1.000438489945791
 -3 -19 0 0 218 NaN 0 NaN NaN -1.001002177862833
 -3 -18 0 0 218 NaN 0 NaN NaN -1.001932933700853
 -3 -17 0 0 218 NaN 0 NaN NaN -1.003904905517166
 -3 -16 0 0 218 NaN 0 NaN NaN -1.007701201510831
 -3 -15 0 0 218 NaN 0 NaN NaN -1.015245462788986
 -3 -14 0 0 218 NaN 0 NaN NaN -1.030466230875844
 -3 -13 0 0 218 NaN 0 NaN NaN -1.060346611380544
 -3 -12 0 0 218 NaN 0 NaN NaN -1.11885890309599
 -3 -11 0 0 218 NaN 0 NaN NaN -1.230580965912941
 -3 -10 131 0 87 1 0.6041592352975462 0.7524124649026456 0.2398068780749382 -1.463982712187664
 -3 -9 175 0 43 1 0.8026255006286481 0.8893856899301547 0.7035510496297591 -1.689358346230814
 -3 -8 189 0 29 1 0.8646646308462186 0.9269117831959399 0.8475843027419462 -1.747070352501573
 -3 -7 196 0 22 1 0.8974359486756759 0.9448413479104018 0.977838398390111 -1.711573401315006
 -3 -6 206 0 12 1 0.9428852863054645 0.9701999568106185 1.010724385278497 -1.57538331462238
 -3 -5 210 0 8 1 0.9621443975386972 0.9805790603526781 0.9842544949362655 -1.429075154977796
 -3 -4 211 0 7 1 0.9665742221001008 0.9829463294619212 0.9184224568565543 -1.256167129154737
 -3 -3 197 0 21 1 0.9023077003139077 0.9483363701154012 0.7030011730571036 -1.144270690132546
 -3 -2 88 0 130 1 0.4046909632886203 0.5750202303143481 0.4344827472796841 -1.043224956318967
 -3 -1 4 0 214 NaN 0.01899595333849574 NaN NaN -1.001455597674731
 -3 0 0 0 218 NaN 0 NaN NaN -0.9964320816586699
 -3 1 0 0 218 NaN 0 NaN NaN -0.9961341632418586
 -3 2 0 0 218 NaN 0 NaN NaN -0.9961956766191461
 -2 -20 0 0 218 NaN 0 NaN NaN -1.001004048162252
 -2 -19 0 0 218 NaN 0 NaN NaN -1.001933289130395
 -2 -18 0 0 218 NaN 0 NaN NaN -1.003906858722601
 -2 -17 0 0 218 NaN 0 NaN NaN -1.007707910936559
 -2 -16 0 0 218 NaN 0 NaN NaN -1.015273498869083
 -2 -15 0 0 218 NaN 0 NaN NaN -1.030553410037112
 -2 -14 0 0 218 NaN 0 NaN NaN -1.060799765439203
 -2 -13 0 0 218 NaN 0 NaN NaN -1.120600614778073
 -2 -12 0 0 218 NaN 0 NaN NaN -1.237655609635614
 -2 -11 134 0 84 1 0.6178920307413052 0.7630693818808971 0.2616229621099678 -1.492650909875485
 -2 -10 175 0 43 1 0.8026255006286481 0.8893856899301547 0.7166922020630291 -1.746133034089683
 -2 -9 188 0 30 1 0.8605829981931574 0.9245706460721941 0.8730184263491605 -1.864546796695288
 -2 -8 196 0 22 1 0.8974359486756759 0.9448413479104018 1.032460196800148 -1.939809032584923
 -2 -7 206 0 12 1 0.9428852863054645 0.9701999568106185 1.102627430664527 -1.895880719855845
 -2 -6 212 0 6 1 0.9724075554334342 0.9859244785990848 1.14761389332372 -1.726649390976956
